   0.000000  1.00000
   0.100000  0.979140
   0.200000  0.958715
   0.300000  0.938714
   0.400000  0.919128
   0.500000  0.899948
   0.600000  0.881165
   0.700000  0.862770
   0.800000  0.844753
   0.900000  0.827108
   1.00000  0.809826
   1.10000  0.792898
   1.20000  0.776318
   1.30000  0.760077
   1.40000  0.744168
   1.50000  0.728584
   1.60000  0.713318
   1.70000  0.698363
   1.80000  0.683713
   1.90000  0.669360
   2.00000  0.655300
   2.10000  0.641525
   2.20000  0.628029
   2.30000  0.614807
   2.40000  0.601853
   2.50000  0.589162
   2.60000  0.576727
   2.70000  0.564544
   2.80000  0.552608
   2.90000  0.540913
   3.00000  0.529454
   3.10000  0.518227
   3.20000  0.507227
   3.30000  0.496449
   3.40000  0.485889
   3.50000  0.475542
   3.60000  0.465405
   3.70000  0.455473
   3.80000  0.445742
   3.90000  0.436207
   4.00000  0.426866
   4.10000  0.417715
   4.20000  0.408748
   4.30000  0.399964
   4.40000  0.391358
   4.50000  0.382927
   4.60000  0.374668
   4.70000  0.366576
   4.80000  0.358650
   4.90000  0.350886
   5.00000  0.343280
   5.10000  0.335830
   5.20000  0.328532
   5.30000  0.321384
   5.40000  0.314384
   5.50000  0.307527
   5.60000  0.300811
   5.70000  0.294235
   5.80000  0.287794
   5.90000  0.281487
   6.00000  0.275311
   6.10000  0.269263
   6.20000  0.263341
   6.30000  0.257543
   6.40000  0.251866
   6.50000  0.246308
   6.60000  0.240867
   6.70000  0.235541
   6.80000  0.230327
   6.90000  0.225223
   7.00000  0.220228
   7.10000  0.215339
   7.20000  0.210554
   7.30000  0.205871
   7.40000  0.201288
   7.50000  0.196804
   7.60000  0.192416
   7.70000  0.188122
   7.80000  0.183922
   7.90000  0.179812
   8.00000  0.175792
   8.10000  0.171860
   8.20000  0.168013
   8.30000  0.164250
   8.40000  0.160570
   8.50000  0.156971
   8.60000  0.153451
   8.70000  0.150009
   8.80000  0.146644
   8.90000  0.143353
   9.00000  0.140135
   9.10000  0.136989
   9.20000  0.133914
   9.30000  0.130908
   9.40000  0.127969
   9.50000  0.125096
   9.60000  0.122289
   9.70000  0.119544
   9.80000  0.116863
   9.90000  0.114242
   10.0000  0.111681
   10.1000  0.109178
   10.2000  0.106732
   10.3000  0.104343
   10.4000  0.102009
   10.5000  9.972778E-02
   10.6000  9.749957E-02
   10.7000  9.532287E-02
   10.8000  9.319648E-02
   10.9000  9.111939E-02
   11.0000  8.909051E-02
   11.1000  8.710881E-02
   11.2000  8.517326E-02
   11.3000  8.328281E-02
   11.4000  8.143651E-02
   11.5000  7.963339E-02
   11.6000  7.787243E-02
   11.7000  7.615279E-02
   11.8000  7.447348E-02
   11.9000  7.283358E-02
   12.0000  7.123225E-02
   12.1000  6.966859E-02
   12.2000  6.814179E-02
   12.3000  6.665093E-02
   12.4000  6.519521E-02
   12.5000  6.377389E-02
   12.6000  6.238612E-02
   12.7000  6.103113E-02
   12.8000  5.970813E-02
   12.9000  5.841644E-02
   13.0000  5.715529E-02
   13.1000  5.592395E-02
   13.2000  5.472175E-02
   13.3000  5.354798E-02
   13.4000  5.240199E-02
   13.5000  5.128310E-02
   13.6000  5.019069E-02
   13.7000  4.912408E-02
   13.8000  4.808269E-02
   13.9000  4.706592E-02
   14.0000  4.607318E-02
   14.1000  4.510386E-02
   14.2000  4.415743E-02
   14.3000  4.323331E-02
   14.4000  4.233097E-02
   14.5000  4.144989E-02
   14.6000  4.058954E-02
   14.7000  3.974941E-02
   14.8000  3.892902E-02
   14.9000  3.812788E-02
   15.0000  3.734554E-02
   15.1000  3.658149E-02
   15.2000  3.583534E-02
   15.3000  3.510661E-02
   15.4000  3.439488E-02
   15.5000  3.369976E-02
   15.6000  3.302079E-02
   15.7000  3.235760E-02
   15.8000  3.170982E-02
   15.9000  3.107704E-02
   16.0000  3.045888E-02
   16.1000  2.985501E-02
   16.2000  2.926506E-02
   16.3000  2.868869E-02
   16.4000  2.812556E-02
   16.5000  2.757536E-02
   16.6000  2.703774E-02
   16.7000  2.651242E-02
   16.8000  2.599906E-02
   16.9000  2.549740E-02
   17.0000  2.500712E-02
   17.1000  2.452797E-02
   17.2000  2.405964E-02
   17.3000  2.360189E-02
   17.4000  2.315446E-02
   17.5000  2.271706E-02
   17.6000  2.228949E-02
   17.7000  2.187147E-02
   17.8000  2.146278E-02
   17.9000  2.106320E-02
   18.0000  2.067250E-02
   18.1000  2.029044E-02
   18.2000  1.991684E-02
   18.3000  1.955147E-02
   18.4000  1.919415E-02
   18.5000  1.884466E-02
   18.6000  1.850281E-02
   18.7000  1.816844E-02
   18.8000  1.784134E-02
   18.9000  1.752135E-02
   19.0000  1.720829E-02
   19.1000  1.690198E-02
   19.2000  1.660227E-02
   19.3000  1.630900E-02
   19.4000  1.602202E-02
   19.5000  1.574117E-02
   19.6000  1.546629E-02
   19.7000  1.519726E-02
   19.8000  1.493393E-02
   19.9000  1.467617E-02
   20.0000  1.442382E-02
   20.1000  1.417679E-02
   20.2000  1.393492E-02
   20.3000  1.369810E-02
   20.4000  1.346622E-02
   20.5000  1.323915E-02
   20.6000  1.301678E-02
   20.7000  1.279900E-02
   20.8000  1.258569E-02
   20.9000  1.237677E-02
   21.0000  1.217212E-02
   21.1000  1.197164E-02
   21.2000  1.177523E-02
   21.3000  1.158280E-02
   21.4000  1.139427E-02
   21.5000  1.120953E-02
   21.6000  1.102850E-02
   21.7000  1.085109E-02
   21.8000  1.067723E-02
   21.9000  1.050682E-02
   22.0000  1.033980E-02
   22.1000  1.017607E-02
   22.2000  1.001557E-02
   22.3000  9.858231E-03
   22.4000  9.703971E-03
   22.5000  9.552717E-03
   22.6000  9.404410E-03
   22.7000  9.258984E-03
   22.8000  9.116365E-03
   22.9000  8.976500E-03
   23.0000  8.839320E-03
   23.1000  8.704770E-03
   23.2000  8.572782E-03
   23.3000  8.443317E-03
   23.4000  8.316305E-03
   23.5000  8.191695E-03
   23.6000  8.069435E-03
   23.7000  7.949468E-03
   23.8000  7.831750E-03
   23.9000  7.716233E-03
   24.0000  7.602869E-03
   24.1000  7.491604E-03
   24.2000  7.382395E-03
   24.3000  7.275202E-03
   24.4000  7.169979E-03
   24.5000  7.066681E-03
   24.6000  6.965271E-03
   24.7000  6.865706E-03
   24.8000  6.767946E-03
   24.9000  6.671960E-03
   25.0000  6.577698E-03
   25.1000  6.485130E-03
   25.2000  6.394221E-03
   25.3000  6.304932E-03
   25.4000  6.217236E-03
   25.5000  6.131090E-03
   25.6000  6.046473E-03
   25.7000  5.963345E-03
   25.8000  5.881677E-03
   25.9000  5.801442E-03
   26.0000  5.722601E-03
   26.1000  5.645135E-03
   26.2000  5.569013E-03
   26.3000  5.494206E-03
   26.4000  5.420690E-03
   26.5000  5.348437E-03
   26.6000  5.277418E-03
   26.7000  5.207611E-03
   26.8000  5.138994E-03
   26.9000  5.071540E-03
   27.0000  5.005226E-03
   27.1000  4.940029E-03
   27.2000  4.875926E-03
   27.3000  4.812898E-03
   27.4000  4.750922E-03
   27.5000  4.689979E-03
   27.6000  4.630043E-03
   27.7000  4.571100E-03
   27.8000  4.513126E-03
   27.9000  4.456107E-03
   28.0000  4.400020E-03
   28.1000  4.344850E-03
   28.2000  4.290577E-03
   28.3000  4.237184E-03
   28.4000  4.184657E-03
   28.5000  4.132974E-03
   28.6000  4.082123E-03
   28.7000  4.032086E-03
   28.8000  3.982847E-03
   28.9000  3.934393E-03
   29.0000  3.886709E-03
   29.1000  3.839778E-03
   29.2000  3.793588E-03
   29.3000  3.748123E-03
   29.4000  3.703373E-03
   29.5000  3.659320E-03
   29.6000  3.615953E-03
   29.7000  3.573260E-03
   29.8000  3.531229E-03
   29.9000  3.489846E-03
   30.0000  3.449100E-03
   30.1000  3.408978E-03
   30.2000  3.369470E-03
   30.3000  3.330565E-03
   30.4000  3.292251E-03
   30.5000  3.254517E-03
   30.6000  3.217355E-03
   30.7000  3.180748E-03
   30.8000  3.144693E-03
   30.9000  3.109181E-03
   31.0000  3.074195E-03
   31.1000  3.039731E-03
   31.2000  3.005780E-03
   31.3000  2.972329E-03
   31.4000  2.939370E-03
   31.5000  2.906898E-03
   31.6000  2.874902E-03
   31.7000  2.843372E-03
   31.8000  2.812302E-03
   31.9000  2.781684E-03
   32.0000  2.751509E-03
   32.1000  2.721770E-03
   32.2000  2.692458E-03
   32.3000  2.663569E-03
   32.4000  2.635089E-03
   32.5000  2.607020E-03
   32.6000  2.579348E-03
   32.7000  2.552070E-03
   32.8000  2.525177E-03
   32.9000  2.498663E-03
   33.0000  2.472523E-03
   33.1000  2.446749E-03
   33.2000  2.421335E-03
   33.3000  2.396276E-03
   33.4000  2.371565E-03
   33.5000  2.347196E-03
   33.6000  2.323163E-03
   33.7000  2.299462E-03
   33.8000  2.276087E-03
   33.9000  2.253033E-03
   34.0000  2.230292E-03
   34.1000  2.207862E-03
   34.2000  2.185737E-03
   34.3000  2.163911E-03
   34.4000  2.142380E-03
   34.5000  2.121139E-03
   34.6000  2.100182E-03
   34.7000  2.079508E-03
   34.8000  2.059110E-03
   34.9000  2.038982E-03
   35.0000  2.019121E-03
   35.1000  1.999524E-03
   35.2000  1.980186E-03
   35.3000  1.961102E-03
   35.4000  1.942269E-03
   35.5000  1.923683E-03
   35.6000  1.905338E-03
   35.7000  1.887233E-03
   35.8000  1.869364E-03
   35.9000  1.851724E-03
   36.0000  1.834314E-03
   36.1000  1.817127E-03
   36.2000  1.800162E-03
   36.3000  1.783414E-03
   36.4000  1.766878E-03
   36.5000  1.750555E-03
   36.6000  1.734439E-03
   36.7000  1.718526E-03
   36.8000  1.702816E-03
   36.9000  1.687302E-03
   37.0000  1.671984E-03
   37.1000  1.656858E-03
   37.2000  1.641920E-03
   37.3000  1.627169E-03
   37.4000  1.612601E-03
   37.5000  1.598214E-03
   37.6000  1.584005E-03
   37.7000  1.569972E-03
   37.8000  1.556110E-03
   37.9000  1.542419E-03
   38.0000  1.528895E-03
   38.1000  1.515537E-03
   38.2000  1.502340E-03
   38.3000  1.489305E-03
   38.4000  1.476426E-03
   38.5000  1.463704E-03
   38.6000  1.451134E-03
   38.7000  1.438716E-03
   38.8000  1.426447E-03
   38.9000  1.414324E-03
   39.0000  1.402346E-03
   39.1000  1.390510E-03
   39.2000  1.378814E-03
   39.3000  1.367257E-03
   39.4000  1.355836E-03
   39.5000  1.344550E-03
   39.6000  1.333395E-03
   39.7000  1.322372E-03
   39.8000  1.311477E-03
   39.9000  1.300710E-03
   40.0000  1.290067E-03
   40.1000  1.279547E-03
   40.2000  1.269150E-03
   40.3000  1.258872E-03
   40.4000  1.248712E-03
   40.5000  1.238669E-03
   40.6000  1.228741E-03
   40.7000  1.218926E-03
   40.8000  1.209223E-03
   40.9000  1.199630E-03
   41.0000  1.190146E-03
   41.1000  1.180769E-03
   41.2000  1.171498E-03
   41.3000  1.162332E-03
   41.4000  1.153267E-03
   41.5000  1.144305E-03
   41.6000  1.135442E-03
   41.7000  1.126678E-03
   41.8000  1.118012E-03
   41.9000  1.109442E-03
   42.0000  1.100966E-03
   42.1000  1.092584E-03
   42.2000  1.084294E-03
   42.3000  1.076096E-03
   42.4000  1.067986E-03
   42.5000  1.059966E-03
   42.6000  1.052032E-03
   42.7000  1.044186E-03
   42.8000  1.036425E-03
   42.9000  1.028746E-03
   43.0000  1.021152E-03
   43.1000  1.013639E-03
   43.2000  1.006207E-03
   43.3000  9.988546E-04
   43.4000  9.915803E-04
   43.5000  9.843840E-04
   43.6000  9.772644E-04
   43.7000  9.702205E-04
   43.8000  9.632512E-04
   43.9000  9.563555E-04
   44.0000  9.495325E-04
   44.1000  9.427815E-04
   44.2000  9.361013E-04
   44.3000  9.294909E-04
   44.4000  9.229495E-04
   44.5000  9.164771E-04
   44.6000  9.100712E-04
   44.7000  9.037323E-04
   44.8000  8.974592E-04
   44.9000  8.912501E-04
   45.0000  8.851058E-04
   45.1000  8.790244E-04
   45.2000  8.730055E-04
   45.3000  8.670483E-04
   45.4000  8.611520E-04
   45.5000  8.553157E-04
   45.6000  8.495385E-04
   45.7000  8.438206E-04
   45.8000  8.381603E-04
   45.9000  8.325571E-04
   46.0000  8.270108E-04
   46.1000  8.215195E-04
   46.2000  8.160841E-04
   46.3000  8.107033E-04
   46.4000  8.053755E-04
   46.5000  8.001020E-04
   46.6000  7.948800E-04
   46.7000  7.897100E-04
   46.8000  7.845917E-04
   46.9000  7.795239E-04
   47.0000  7.745056E-04
   47.1000  7.695373E-04
   47.2000  7.646180E-04
   47.3000  7.597465E-04
   47.4000  7.549229E-04
   47.5000  7.501462E-04
   47.6000  7.454162E-04
   47.7000  7.407325E-04
   47.8000  7.360941E-04
   47.9000  7.315003E-04
   48.0000  7.269512E-04
   48.1000  7.224460E-04
   48.2000  7.179841E-04
   48.3000  7.135653E-04
   48.4000  7.091886E-04
   48.5000  7.048540E-04
   48.6000  7.005605E-04
   48.7000  6.963082E-04
   48.8000  6.920961E-04
   48.9000  6.879244E-04
   49.0000  6.837919E-04
   49.1000  6.796983E-04
   49.2000  6.756437E-04
   49.3000  6.716271E-04
   49.4000  6.676485E-04
   49.5000  6.637071E-04
   49.6000  6.598022E-04
   49.7000  6.559343E-04
   49.8000  6.521023E-04
   49.9000  6.483060E-04
   50.0000  6.445451E-04
   50.1000  6.408188E-04
   50.2000  6.371272E-04
   50.3000  6.334698E-04
   50.4000  6.298458E-04
   50.5000  6.262554E-04
   50.6000  6.226976E-04
   50.7000  6.191730E-04
   50.8000  6.156804E-04
   50.9000  6.122194E-04
   51.0000  6.087901E-04
   51.1000  6.053924E-04
   51.2000  6.020252E-04
   51.3000  5.986887E-04
   51.4000  5.953822E-04
   51.5000  5.921060E-04
   51.6000  5.888590E-04
   51.7000  5.856412E-04
   51.8000  5.824525E-04
   51.9000  5.792921E-04
   52.0000  5.761602E-04
   52.1000  5.730563E-04
   52.2000  5.699801E-04
   52.3000  5.669314E-04
   52.4000  5.639097E-04
   52.5000  5.609148E-04
   52.6000  5.579466E-04
   52.7000  5.550044E-04
   52.8000  5.520883E-04
   52.9000  5.491980E-04
   53.0000  5.463330E-04
   53.1000  5.434929E-04
   53.2000  5.406781E-04
   53.3000  5.378880E-04
   53.4000  5.351219E-04
   53.5000  5.323804E-04
   53.6000  5.296626E-04
   53.7000  5.269683E-04
   53.8000  5.242978E-04
   53.9000  5.216499E-04
   54.0000  5.190253E-04
   54.1000  5.164231E-04
   54.2000  5.138436E-04
   54.3000  5.112863E-04
   54.4000  5.087508E-04
   54.5000  5.062373E-04
   54.6000  5.037450E-04
   54.7000  5.012742E-04
   54.8000  4.988246E-04
   54.9000  4.963960E-04
   55.0000  4.939880E-04
   55.1000  4.916005E-04
   55.2000  4.892333E-04
   55.3000  4.868862E-04
   55.4000  4.845591E-04
   55.5000  4.822512E-04
   55.6000  4.799632E-04
   55.7000  4.776943E-04
   55.8000  4.754446E-04
   55.9000  4.732138E-04
   56.0000  4.710018E-04
   56.1000  4.688083E-04
   56.2000  4.666331E-04
   56.3000  4.644762E-04
   56.4000  4.623371E-04
   56.5000  4.602160E-04
   56.6000  4.581124E-04
   56.7000  4.560267E-04
   56.8000  4.539579E-04
   56.9000  4.519062E-04
   57.0000  4.498718E-04
   57.1000  4.478542E-04
   57.2000  4.458531E-04
   57.3000  4.438687E-04
   57.4000  4.419004E-04
   57.5000  4.399483E-04
   57.6000  4.380124E-04
   57.7000  4.360922E-04
   57.8000  4.341880E-04
   57.9000  4.322993E-04
   58.0000  4.304260E-04
   58.1000  4.285678E-04
   58.2000  4.267252E-04
   58.3000  4.248972E-04
   58.4000  4.230842E-04
   58.5000  4.212860E-04
   58.6000  4.195022E-04
   58.7000  4.177332E-04
   58.8000  4.159784E-04
   58.9000  4.142376E-04
   59.0000  4.125110E-04
   59.1000  4.107984E-04
   59.2000  4.090996E-04
   59.3000  4.074144E-04
   59.4000  4.057427E-04
   59.5000  4.040844E-04
   59.6000  4.024396E-04
   59.7000  4.008080E-04
   59.8000  3.991894E-04
   59.9000  3.975838E-04
   60.0000  3.959908E-04
   60.1000  3.944108E-04
   60.2000  3.928434E-04
   60.3000  3.912883E-04
   60.4000  3.897457E-04
   60.5000  3.882155E-04
   60.6000  3.866973E-04
   60.7000  3.851910E-04
   60.8000  3.836972E-04
   60.9000  3.822147E-04
   61.0000  3.807442E-04
   61.1000  3.792852E-04
   61.2000  3.778379E-04
   61.3000  3.764020E-04
   61.4000  3.749773E-04
   61.5000  3.735640E-04
   61.6000  3.721618E-04
   61.7000  3.707706E-04
   61.8000  3.693903E-04
   61.9000  3.680212E-04
   62.0000  3.666625E-04
   62.1000  3.653144E-04
   62.2000  3.639772E-04
   62.3000  3.626503E-04
   62.4000  3.613340E-04
   62.5000  3.600278E-04
   62.6000  3.587319E-04
   62.7000  3.574461E-04
   62.8000  3.561705E-04
   62.9000  3.549047E-04
   63.0000  3.536489E-04
   63.1000  3.524027E-04
   63.2000  3.511666E-04
   63.3000  3.499398E-04
   63.4000  3.487228E-04
   63.5000  3.475151E-04
   63.6000  3.463169E-04
   63.7000  3.451279E-04
   63.8000  3.439485E-04
   63.9000  3.427779E-04
   64.0000  3.416165E-04
   64.1000  3.404642E-04
   64.2000  3.393208E-04
   64.3000  3.381862E-04
   64.4000  3.370607E-04
   64.5000  3.359436E-04
   64.6000  3.348353E-04
   64.7000  3.337356E-04
   64.8000  3.326445E-04
   64.9000  3.315618E-04
   65.0000  3.304875E-04
   65.1000  3.294216E-04
   65.2000  3.283639E-04
   65.3000  3.273143E-04
   65.4000  3.262730E-04
   65.5000  3.252397E-04
   65.6000  3.242144E-04
   65.7000  3.231970E-04
   65.8000  3.221875E-04
   65.9000  3.211860E-04
   66.0000  3.201920E-04
   66.1000  3.192058E-04
   66.2000  3.182272E-04
   66.3000  3.172562E-04
   66.4000  3.162929E-04
   66.5000  3.153368E-04
   66.6000  3.143883E-04
   66.7000  3.134471E-04
   66.8000  3.125133E-04
   66.9000  3.115866E-04
   67.0000  3.106671E-04
   67.1000  3.097548E-04
   67.2000  3.088495E-04
   67.3000  3.079512E-04
   67.4000  3.070600E-04
   67.5000  3.061758E-04
   67.6000  3.052982E-04
   67.7000  3.044276E-04
   67.8000  3.035637E-04
   67.9000  3.027066E-04
   68.0000  3.018562E-04
   68.1000  3.010124E-04
   68.2000  3.001750E-04
   68.3000  2.993442E-04
   68.4000  2.985202E-04
   68.5000  2.977023E-04
   68.6000  2.968909E-04
   68.7000  2.960858E-04
   68.8000  2.952871E-04
   68.9000  2.944945E-04
   69.0000  2.937083E-04
   69.1000  2.929281E-04
   69.2000  2.921540E-04
   69.3000  2.913862E-04
   69.4000  2.906243E-04
   69.5000  2.898684E-04
   69.6000  2.891185E-04
   69.7000  2.883744E-04
   69.8000  2.876363E-04
   69.9000  2.869038E-04
   70.0000  2.861775E-04
   70.1000  2.854567E-04
   70.2000  2.847416E-04
   70.3000  2.840322E-04
   70.4000  2.833285E-04
   70.5000  2.826303E-04
   70.6000  2.819377E-04
   70.7000  2.812506E-04
   70.8000  2.805691E-04
   70.9000  2.798929E-04
   71.0000  2.792224E-04
   71.1000  2.785570E-04
   71.2000  2.778971E-04
   71.3000  2.772423E-04
   71.4000  2.765930E-04
   71.5000  2.759488E-04
   71.6000  2.753099E-04
   71.7000  2.746762E-04
   71.8000  2.740475E-04
   71.9000  2.734240E-04
   72.0000  2.728055E-04
   72.1000  2.721922E-04
   72.2000  2.715839E-04
   72.3000  2.709805E-04
   72.4000  2.703819E-04
   72.5000  2.697885E-04
   72.6000  2.691999E-04
   72.7000  2.686160E-04
   72.8000  2.680370E-04
   72.9000  2.674630E-04
   73.0000  2.668934E-04
   73.1000  2.663289E-04
   73.2000  2.657690E-04
   73.3000  2.652137E-04
   73.4000  2.646630E-04
   73.5000  2.641170E-04
   73.6000  2.635757E-04
   73.7000  2.630389E-04
   73.8000  2.625066E-04
   73.9000  2.619789E-04
   74.0000  2.614557E-04
   74.1000  2.609369E-04
   74.2000  2.604224E-04
   74.3000  2.599125E-04
   74.4000  2.594071E-04
   74.5000  2.589060E-04
   74.6000  2.584092E-04
   74.7000  2.579167E-04
   74.8000  2.574284E-04
   74.9000  2.569445E-04
   75.0000  2.564647E-04
   75.1000  2.559893E-04
   75.2000  2.555180E-04
   75.3000  2.550509E-04
   75.4000  2.545880E-04
   75.5000  2.541292E-04
   75.6000  2.536744E-04
   75.7000  2.532237E-04
   75.8000  2.527772E-04
   75.9000  2.523347E-04
   76.0000  2.518962E-04
   76.1000  2.514617E-04
   76.2000  2.510312E-04
   76.3000  2.506046E-04
   76.4000  2.501819E-04
   76.5000  2.497632E-04
   76.6000  2.493484E-04
   76.7000  2.489374E-04
   76.8000  2.485303E-04
   76.9000  2.481272E-04
   77.0000  2.477278E-04
   77.1000  2.473322E-04
   77.2000  2.469402E-04
   77.3000  2.465522E-04
   77.4000  2.461679E-04
   77.5000  2.457873E-04
   77.6000  2.454104E-04
   77.7000  2.450371E-04
   77.8000  2.446676E-04
   77.9000  2.443018E-04
   78.0000  2.439396E-04
   78.1000  2.435810E-04
   78.2000  2.432259E-04
   78.3000  2.428746E-04
   78.4000  2.425268E-04
   78.5000  2.421825E-04
   78.6000  2.418418E-04
   78.7000  2.415046E-04
   78.8000  2.411709E-04
   78.9000  2.408407E-04
   79.0000  2.405140E-04
   79.1000  2.401908E-04
   79.2000  2.398710E-04
   79.3000  2.395546E-04
   79.4000  2.392417E-04
   79.5000  2.389322E-04
   79.6000  2.386261E-04
   79.7000  2.383233E-04
   79.8000  2.380240E-04
   79.9000  2.377279E-04
   80.0000  2.374352E-04
   80.1000  2.371458E-04
   80.2000  2.368598E-04
   80.3000  2.365770E-04
   80.4000  2.362975E-04
   80.5000  2.360214E-04
   80.6000  2.357484E-04
   80.7000  2.354787E-04
   80.8000  2.352122E-04
   80.9000  2.349491E-04
   81.0000  2.346891E-04
   81.1000  2.344323E-04
   81.2000  2.341787E-04
   81.3000  2.339283E-04
   81.4000  2.336811E-04
   81.5000  2.334369E-04
   81.6000  2.331959E-04
   81.7000  2.329581E-04
   81.8000  2.327234E-04
   81.9000  2.324919E-04
   82.0000  2.322634E-04
   82.1000  2.320380E-04
   82.2000  2.318157E-04
   82.3000  2.315964E-04
   82.4000  2.313803E-04
   82.5000  2.311672E-04
   82.6000  2.309572E-04
   82.7000  2.307502E-04
   82.8000  2.305462E-04
   82.9000  2.303452E-04
   83.0000  2.301473E-04
   83.1000  2.299523E-04
   83.2000  2.297603E-04
   83.3000  2.295714E-04
   83.4000  2.293854E-04
   83.5000  2.292024E-04
   83.6000  2.290223E-04
   83.7000  2.288451E-04
   83.8000  2.286710E-04
   83.9000  2.284998E-04
   84.0000  2.283314E-04
   84.1000  2.281661E-04
   84.2000  2.280036E-04
   84.3000  2.278441E-04
   84.4000  2.276874E-04
   84.5000  2.275337E-04
   84.6000  2.273828E-04
   84.7000  2.272348E-04
   84.8000  2.270897E-04
   84.9000  2.269475E-04
   85.0000  2.268080E-04
   85.1000  2.266715E-04
   85.2000  2.265379E-04
   85.3000  2.264070E-04
   85.4000  2.262790E-04
   85.5000  2.261539E-04
   85.6000  2.260317E-04
   85.7000  2.259120E-04
   85.8000  2.257954E-04
   85.9000  2.256814E-04
   86.0000  2.255704E-04
   86.1000  2.254621E-04
   86.2000  2.253566E-04
   86.3000  2.252540E-04
   86.4000  2.251541E-04
   86.5000  2.250571E-04
   86.6000  2.249627E-04
   86.7000  2.248712E-04
   86.8000  2.247825E-04
   86.9000  2.246964E-04
   87.0000  2.246131E-04
   87.1000  2.245329E-04
   87.2000  2.244551E-04
   87.3000  2.243802E-04
   87.4000  2.243080E-04
   87.5000  2.242386E-04
   87.6000  2.241718E-04
   87.7000  2.241079E-04
   87.8000  2.240466E-04
   87.9000  2.239882E-04
   88.0000  2.239325E-04
   88.1000  2.238795E-04
   88.2000  2.238290E-04
   88.3000  2.237816E-04
   88.4000  2.237367E-04
   88.5000  2.236947E-04
   88.6000  2.236554E-04
   88.7000  2.236187E-04
   88.8000  2.235848E-04
   88.9000  2.235536E-04
   89.0000  2.235251E-04
   89.1000  2.234994E-04
   89.2000  2.234762E-04
   89.3000  2.234560E-04
   89.4000  2.234383E-04
   89.5000  2.234234E-04
   89.6000  2.234112E-04
   89.7000  2.234018E-04
   89.8000  2.233950E-04
   89.9000  2.233910E-04
   90.0000  2.233896E-04