   0.000000  1.00000  180.000
   9.000000E-02  0.982471  178.187
   0.180000  0.965236  176.375
   0.270000  0.948279  174.562
   0.360000  0.931582  172.748
   0.450000  0.915132  170.934
   0.540000  0.898912  169.118
   0.630000  0.882908  167.302
   0.720000  0.867107  165.484
   0.810000  0.851497  163.665
   0.900000  0.836068  161.844
   0.990000  0.820807  160.021
   1.08000  0.805699  158.197
   1.17000  0.790740  156.370
   1.26000  0.775916  154.541
   1.35000  0.761220  152.709
   1.44000  0.746641  150.875
   1.53000  0.732172  149.039
   1.62000  0.717808  147.199
   1.71000  0.703534  145.356
   1.80000  0.689351  143.511
   1.89000  0.675250  141.662
   1.98000  0.661221  139.810
   2.07000  0.647262  137.955
   2.16000  0.633363  136.097
   2.25000  0.619528  134.235
   2.34000  0.605748  132.370
   2.43000  0.592015  130.502
   2.52000  0.578331  128.630
   2.61000  0.564693  126.756
   2.70000  0.551096  124.879
   2.79000  0.537541  122.999
   2.88000  0.524028  121.116
   2.97000  0.510549  119.231
   3.06000  0.497115  117.345
   3.15000  0.483718  115.456
   3.24000  0.470367  113.567
   3.33000  0.457064  111.678
   3.42000  0.443813  109.788
   3.51000  0.430614  107.899
   3.60000  0.417477  106.012
   3.69000  0.404411  104.128
   3.78000  0.391416  102.246
   3.87000  0.378508  100.370
   3.96000  0.365693  98.4986
   4.05000  0.352991  96.6347
   4.14000  0.340401  94.7789
   4.23000  0.327947  92.9331
   4.32000  0.315636  91.0988
   4.41000  0.303490  89.2777
   4.50000  0.291522  87.4716
   4.59000  0.279754  85.6826
   4.68000  0.268195  83.9122
   4.77000  0.256863  82.1626
   4.86000  0.245780  80.4357
   4.95000  0.234954  78.7333
   5.04000  0.224416  77.0578
   5.13000  0.214165  75.4106
   5.22000  0.204226  73.7937
   5.31000  0.194606  72.2085
   5.40000  0.185312  70.6564
   5.49000  0.176360  69.1389
   5.58000  0.167759  67.6570
   5.67000  0.159498  66.2113
   5.76000  0.151594  64.8028
   5.85000  0.144041  63.4316
   5.94000  0.136836  62.0979
   6.03000  0.129974  60.8016
   6.12000  0.123452  59.5425
   6.21000  0.117262  58.3201
   6.30000  0.111394  57.1338
   6.39000  0.105835  55.9827
   6.48000  0.100580  54.8660
   6.57000  9.561247E-02  53.7824
   6.66000  9.092121E-02  52.7310
   6.75000  8.649491E-02  51.7105
   6.84000  8.232083E-02  50.7197
   6.93000  7.838525E-02  49.7572
   7.02000  7.467572E-02  48.8217
   7.11000  7.118168E-02  47.9120
   7.20000  6.789024E-02  47.0265
   7.29000  6.478829E-02  46.1642
   7.38000  6.186770E-02  45.3237
   7.47000  5.911491E-02  44.5037
   7.56000  5.652193E-02  43.7029
   7.65000  5.407892E-02  42.9202
   7.74000  5.177560E-02  42.1544
   7.83000  4.960334E-02  41.4044
   7.92000  4.755512E-02  40.6692
   8.01000  4.562435E-02  39.9474
   8.10000  4.380115E-02  39.2384
   8.19000  4.207996E-02  38.5411
   8.28000  4.045482E-02  37.8544
   8.37000  3.892023E-02  37.1775
   8.46000  3.746943E-02  36.5097
   8.55000  3.609814E-02  35.8498
   8.64000  3.480215E-02  35.1972
   8.73000  3.357524E-02  34.5512
   8.82000  3.241494E-02  33.9108
   8.91000  3.131662E-02  33.2755
   9.00000  3.027667E-02  32.6444
   9.09000  2.929168E-02  32.0169
   9.18000  2.835850E-02  31.3923
   9.27000  2.747421E-02  30.7699
   9.36000  2.663629E-02  30.1492
   9.45000  2.584242E-02  29.5293
   9.54000  2.508928E-02  28.9097
   9.63000  2.437556E-02  28.2898
   9.72000  2.369901E-02  27.6690
   9.81000  2.305768E-02  27.0466
   9.90000  2.244995E-02  26.4220
   9.99000  2.187401E-02  25.7946
   10.0800  2.132771E-02  25.1639
   10.1700  2.081113E-02  24.5290
   10.2600  2.032150E-02  23.8896
   10.3500  1.985847E-02  23.2447
   10.4400  1.942056E-02  22.5940
   10.5300  1.900674E-02  21.9367
   10.6200  1.861609E-02  21.2720
   10.7100  1.824812E-02  20.5994
   10.8000  1.790165E-02  19.9180
   10.8900  1.757618E-02  19.2272
   10.9800  1.727085E-02  18.5262
   11.0700  1.698517E-02  17.8141
   11.1600  1.671865E-02  17.0902
   11.2500  1.647095E-02  16.3535
   11.3400  1.624189E-02  15.6033
   11.4300  1.603083E-02  14.8384
   11.5200  1.583760E-02  14.0579
   11.6100  1.566194E-02  13.2607
   11.7000  1.550439E-02  12.4458
   11.7900  1.536411E-02  11.6117
   11.8800  1.524174E-02  10.7574
   11.9700  1.513738E-02  9.88148
   12.0600  1.505108E-02  8.98232
   12.1500  1.498328E-02  8.05848
   12.2400  1.493452E-02  7.10818
   12.3300  1.490542E-02  6.12982
   12.4200  1.489652E-02  5.12114
   12.5100  1.490871E-02  4.08011
   12.6000  1.494293E-02  3.00434
   12.6900  1.500051E-02  1.89141
   12.7800  1.508278E-02  0.738501
   12.8700  1.519112E-02 -0.457739
   12.9600  1.532767E-02 -1.70030
   13.0500  1.549443E-02 -2.99311
   13.1400  1.569384E-02 -4.34030
   13.2300  1.592889E-02 -5.74628
   13.3200  1.620281E-02 -7.21623
   13.4100  1.651929E-02 -8.75636
   13.5000  1.688289E-02 -10.3725
   13.5900  1.729857E-02 -12.0722
   13.6800  1.777218E-02 -13.8638
   13.7700  1.831050E-02 -15.7563
   13.8600  1.892120E-02 -17.7609
   13.9500  1.961309E-02 -19.8896
   14.0400  2.039639E-02 -22.1570
   14.1300  2.128246E-02 -24.5782
   14.2200  2.228417E-02 -27.1731
   14.3100  2.341549E-02 -29.9627
   14.4000  2.469148E-02 -32.9731
   14.4900  2.612715E-02 -36.2334
   14.5800  2.773636E-02 -39.7784
   14.6700  2.952878E-02 -43.6471
   14.7600  3.150580E-02 -47.8862
   14.8500  3.365256E-02 -52.5473
   14.9400  3.592615E-02 -57.6875
   15.0300  3.823822E-02 -63.3657
   15.1200  4.043212E-02 -69.6330
   15.2100  4.226406E-02 -76.5190
   15.3000  4.340432E-02 -84.0079
   15.3900  4.349721E-02 -92.0011
   15.4800  4.230008E-02 -100.303
   15.5700  3.983094E-02 -108.649
   15.6600  3.639514E-02 -116.774
   15.7500  3.244996E-02 -124.483
   15.8400  2.842345E-02 -131.672
   15.9300  2.460962E-02 -138.322
   16.0200  2.116661E-02 -144.454
   16.1100  1.815194E-02 -150.115
   16.2000  1.556221E-02 -155.356
   16.2900  1.336307E-02 -160.230
   16.3800  1.150704E-02 -164.785
   16.4700  9.945441E-03 -169.061
   16.5600  8.632788E-03 -173.097
   16.6500  7.528278E-03 -176.923
   16.7400  6.597109E-03  179.433
   16.8300  5.809991E-03  175.950
   16.9200  5.142631E-03  172.609
   17.0100  4.574912E-03  169.393
   17.1000  4.090147E-03  166.289
   17.1900  3.674661E-03  163.288
   17.2800  3.317323E-03  160.379
   17.3700  3.008843E-03  157.556
   17.4600  2.741525E-03  154.813
   17.5500  2.509014E-03  152.144
   17.6400  2.306112E-03  149.547
   17.7300  2.128461E-03  147.018
   17.8200  1.972352E-03  144.553
   17.9100  1.834701E-03  142.152
   18.0000  1.712966E-03  139.812
   18.0900  1.605005E-03  137.533
   18.1800  1.508936E-03  135.312
   18.2700  1.423164E-03  133.149
   18.3600  1.346380E-03  131.044
   18.4500  1.277506E-03  128.995
   18.5400  1.215518E-03  127.000
   18.6300  1.159545E-03  125.059
   18.7200  1.108888E-03  123.172
   18.8100  1.062961E-03  121.339
   18.9000  1.021222E-03  119.556
   18.9900  9.831324E-04  117.822
   19.0800  9.483077E-04  116.140
   19.1700  9.164323E-04  114.506
   19.2600  8.871977E-04  112.919
   19.3500  8.602776E-04  111.377
   19.4400  8.354155E-04  109.880
   19.5300  8.124657E-04  108.429
   19.6200  7.912461E-04  107.019
   19.7100  7.715420E-04  105.650
   19.8000  7.531820E-04  104.320
   19.8900  7.360905E-04  103.032
   19.9800  7.201853E-04  101.780
   20.0700  7.053063E-04  100.564
   20.1600  6.913265E-04  99.3825
   20.2500  6.782133E-04  98.2374
   20.3400  6.659349E-04  97.1252
   20.4300  6.543864E-04  96.0429
   20.5200  6.434539E-04  94.9906
   20.6100  6.331223E-04  93.9704
   20.7000  6.234018E-04  92.9794
   20.7900  6.142220E-04  92.0136
   20.8800  6.054780E-04  91.0735
   20.9700  5.971534E-04  90.1610
   21.0600  5.892903E-04  89.2747
   21.1500  5.818493E-04  88.4100
   21.2400  5.747298E-04  87.5665
   21.3300  5.679035E-04  86.7466
   21.4200  5.614309E-04  85.9506
   21.5100  5.553028E-04  85.1737
   21.6000  5.494315E-04  84.4133
   21.6900  5.437606E-04  83.6734
   21.7800  5.383606E-04  82.9549
   21.8700  5.332609E-04  82.2531
   21.9600  5.283748E-04  81.5653
   22.0500  5.236347E-04  80.8936
   22.1400  5.190921E-04  80.2415
   22.2300  5.148160E-04  79.6052
   22.3200  5.107435E-04  78.9794
   22.4100  5.067750E-04  78.3668
   22.5000  5.029493E-04  77.7714
   22.5900  4.993558E-04  77.1914
   22.6800  4.959713E-04  76.6202
   22.7700  4.926731E-04  76.0585
   22.8600  4.894670E-04  75.5116
   22.9500  4.864629E-04  74.9799
   23.0400  4.836748E-04  74.4564
   23.1300  4.809857E-04  73.9384
   23.2200  4.783451E-04  73.4329
   23.3100  4.758654E-04  72.9425
   23.4000  4.736134E-04  72.4608
   23.4900  4.714853E-04  71.9818
   23.5800  4.693849E-04  71.5112
   23.6700  4.673973E-04  71.0558
   23.7600  4.656420E-04  70.6100
   23.8500  4.640526E-04  70.1655
   23.9400  4.624864E-04  69.7255
   24.0300  4.609865E-04  69.2988
   24.1200  4.597086E-04  68.8834
   24.2100  4.586411E-04  68.4699
   24.3000  4.576255E-04  68.0566
   24.3900  4.566353E-04  67.6532
   24.4800  4.558300E-04  67.2637
   24.5700  4.552887E-04  66.8769
   24.6600  4.548516E-04  66.4873
   24.7500  4.544145E-04  66.1034
   24.8400  4.541121E-04  65.7341
   24.9300  4.541077E-04  65.3704
   25.0200  4.542884E-04  65.0023
   25.1100  4.544774E-04  64.6345
   25.2000  4.547422E-04  64.2798
   25.2900  4.553039E-04  63.9352
   25.3800  4.561539E-04  63.5862
   25.4700  4.570674E-04  63.2318
   25.5600  4.580046E-04  62.8867
   25.6500  4.592045E-04  62.5554
   25.7400  4.607876E-04  62.2230
   25.8300  4.625424E-04  61.8810
   25.9200  4.643046E-04  61.5416
   26.0100  4.662673E-04  61.2170
   26.1000  4.686760E-04  60.8975
   26.1900  4.714190E-04  60.5664
   26.2800  4.742203E-04  60.2295
   26.3700  4.771489E-04  59.9049
   26.4600  4.805424E-04  59.5915
   26.5500  4.844559E-04  59.2691
   26.6400  4.885733E-04  58.9328
   26.7300  4.927819E-04  58.6015
   26.8200  4.974215E-04  58.2853
   26.9100  5.027577E-04  57.9670
   27.0000  5.085535E-04  57.6296
   27.0900  5.145061E-04  57.2854
   27.1800  5.208257E-04  56.9555
   27.2700  5.279728E-04  56.6323
   27.3600  5.359373E-04  56.2901
   27.4500  5.442916E-04  55.9282
   27.5400  5.529986E-04  55.5722
   27.6300  5.626128E-04  55.2291
   27.7200  5.734612E-04  54.8734
   27.8100  5.851741E-04  54.4875
   27.9000  5.974129E-04  54.0910
   27.9900  6.106244E-04  53.7068
   28.0800  6.255130E-04  53.3199
   28.1700  6.420419E-04  52.8982
   28.2600  6.596493E-04  52.4447
   28.3500  6.784578E-04  51.9904
   28.4400  6.994453E-04  51.5398
   28.5300  7.231970E-04  51.0570
   28.6200  7.492481E-04  50.5211
   28.7100  7.772725E-04  49.9568
   28.8000  8.082659E-04  49.3885
   28.8900  8.436589E-04  48.7922
   28.9800  8.836963E-04  48.1246
   29.0700  9.278148E-04  47.3860
   29.1600  9.767092E-04  46.6106
   29.2500  1.032758E-03  45.7965
   29.3400  1.097880E-03  44.8903
   29.4300  1.172204E-03  43.8544
   29.5200  1.256209E-03  42.7069
   29.6100  1.353275E-03  41.4645
   29.7000  1.468490E-03  40.0776
   29.7900  1.605163E-03  38.4641
   29.8800  1.765069E-03  36.5873
   29.9700  1.953203E-03  34.4486
   30.0600  2.179968E-03  31.9948
   30.1500  2.456445E-03  29.0865
   30.2400  2.788651E-03  25.5763
   30.3300  3.179602E-03  21.3660
   30.4200  3.633766E-03  16.3435
   30.5100  4.146949E-03  10.3013
   30.6000  4.677162E-03  3.00165
   30.6900  5.122664E-03 -5.63779
   30.7800  5.343169E-03 -15.4065
   30.8700  5.229598E-03 -25.8188
   30.9600  4.775068E-03 -36.2332
   31.0500  4.086887E-03 -45.9913
   31.1400  3.326056E-03 -54.5828
   31.2300  2.626069E-03 -61.7717
   31.3200  2.048666E-03 -67.6443
   31.4100  1.595351E-03 -72.4614
   31.5000  1.243564E-03 -76.4277
   31.5900  9.719240E-04 -79.6214
   31.6800  7.649368E-04 -82.1188
   31.7700  6.081455E-04 -84.0989
   31.8600  4.874227E-04 -85.7426
   31.9500  3.921789E-04 -87.0807
   32.0400  3.167014E-04 -88.0459
   32.1300  2.576134E-04 -88.6598
   32.2200  2.112642E-04 -89.0699
   32.3100  1.738820E-04 -89.3652
   32.4000  1.430770E-04 -89.4608
   32.4900  1.179737E-04 -89.2451
   32.5800  9.791870E-05 -88.7776
   32.6700  8.170424E-05 -88.2155
   32.7600  6.812353E-05 -87.5633
   32.8500  5.665990E-05 -86.6456
   32.9400  4.727383E-05 -85.3717
   33.0300  3.973463E-05 -83.8813
   33.1200  3.349734E-05 -82.3173
   33.2100  2.814645E-05 -80.5618
   33.3000  2.363709E-05 -78.3808
   33.3900  2.001941E-05 -75.7794
   33.4800  1.713352E-05 -72.9933
   33.5700  1.470314E-05 -70.0894
   33.6600  1.261470E-05 -66.8097
   33.7500  1.092796E-05 -62.9753
   33.8400  9.654852E-06 -58.8133
   33.9300  8.664966E-06 -54.6271
   34.0200  7.827984E-06 -50.3344
   34.1100  7.150254E-06 -45.6629
   34.2000  6.690801E-06 -40.7198
   34.2900  6.421420E-06 -35.9431
   34.3800  6.241166E-06 -31.4943
   34.4700  6.106216E-06 -27.1218
   34.5600  6.065223E-06 -22.7039
   34.6500  6.151660E-06 -18.5324
   34.7400  6.311934E-06 -14.8839
   34.8300  6.477300E-06 -11.6234
   34.9200  6.654561E-06 -8.47289
   35.0100  6.900265E-06 -5.44484
   35.1000  7.219076E-06 -2.78399
   35.1900  7.550192E-06 -0.551976
   35.2800  7.853242E-06  1.46639
   35.3700  8.162621E-06  3.44831
   35.4600  8.525441E-06  5.31032
   35.5500  8.927826E-06  6.88116
   35.6400  9.311050E-06  8.18447
   35.7300  9.656180E-06  9.40691
   35.8200  1.000809E-05  10.6397
   35.9100  1.040513E-05  11.7779
   36.0000  1.082052E-05  12.7050
   36.0900  1.120101E-05  13.4729
   36.1800  1.154393E-05  14.2243
   36.2700  1.189551E-05  15.0028
   36.3600  1.228605E-05  15.7066
   36.4500  1.268099E-05  16.2578
   36.5400  1.303592E-05  16.7104
   36.6300  1.335682E-05  17.1742
   36.7200  1.368764E-05  17.6675
   36.8100  1.405044E-05  18.1033
   36.9000  1.441211E-05  18.4244
   36.9900  1.473416E-05  18.6811
   37.0800  1.502434E-05  18.9586
   37.1700  1.532515E-05  19.2634
   37.2600  1.565328E-05  19.5242
   37.3500  1.597723E-05  19.6983
   37.4400  1.626469E-05  19.8262
   37.5300  1.652382E-05  19.9747
   37.6200  1.679164E-05  20.1476
   37.7100  1.708258E-05  20.2889
   37.8000  1.736917E-05  20.3641
   37.8900  1.762473E-05  20.4024
   37.9800  1.785528E-05  20.4559
   38.0700  1.809051E-05  20.5313
   38.1600  1.834404E-05  20.5869
   38.2500  1.859636E-05  20.5920
   38.3400  1.882492E-05  20.5644
   38.4300  1.902944E-05  20.5455
   38.5200  1.923445E-05  20.5447
   38.6100  1.945355E-05  20.5341
   38.7000  1.967560E-05  20.4866
   38.7900  1.988001E-05  20.4100
   38.8800  2.006364E-05  20.3329
   38.9700  2.024251E-05  20.2690
   39.0600  2.043069E-05  20.2036
   39.1500  2.062427E-05  20.1151
   39.2400  2.080890E-05  20.0002
   39.3300  2.097700E-05  19.8753
   39.4200  2.113496E-05  19.7564
   39.5100  2.129604E-05  19.6423
   39.6000  2.146387E-05  19.5185
   39.6900  2.163177E-05  19.3730
   39.7800  2.178922E-05  19.2086
   39.8700  2.193279E-05  19.0403
   39.9600  2.207064E-05  18.8797
   40.0500  2.221384E-05  18.7227
   40.1400  2.236789E-05  18.5511
   40.2300  2.251980E-05  18.3544
   40.3200  2.265521E-05  18.1417
   40.4100  2.277647E-05  17.9338
   40.5000  2.289833E-05  17.7409
   40.5900  2.303685E-05  17.5461
   40.6800  2.318656E-05  17.3238
   40.7700  2.332312E-05  17.0712
   40.8600  2.343535E-05  16.8145
   40.9500  2.353875E-05  16.5802
   41.0400  2.366108E-05  16.3603
   41.1300  2.380832E-05  16.1182
   41.2200  2.395365E-05  15.8323
   41.3100  2.406890E-05  15.5259
   41.4000  2.415973E-05  15.2419
   41.4900  2.426424E-05  14.9900
   41.5800  2.440693E-05  14.7305
   41.6700  2.456596E-05  14.4203
   41.7600  2.469606E-05  14.0670
   41.8500  2.478602E-05  13.7240
   41.9400  2.487308E-05  13.4275
   42.0300  2.500660E-05  13.1476
   42.1200  2.517990E-05  12.8217
   42.2100  2.533992E-05  12.4291
   42.3000  2.544475E-05  12.0214
   42.3900  2.552281E-05  11.6623
   42.4800  2.563833E-05  11.3504
   42.5700  2.581924E-05  11.0142
   42.6600  2.601777E-05  10.5964
   42.7500  2.616218E-05  10.1251
   42.8400  2.624815E-05  9.68514
   42.9300  2.634466E-05  9.31754
   43.0200  2.652131E-05  8.96602
   43.1100  2.675775E-05  8.53860
   43.2000  2.696447E-05  8.01787
   43.2900  2.709012E-05  7.48525
   43.3800  2.718037E-05  7.02987
   43.4700  2.733751E-05  6.64067
   43.5600  2.759853E-05  6.21259
   43.6500  2.788370E-05  5.66727
   43.7400  2.809012E-05  5.04795
   43.8300  2.820912E-05  4.47371
   43.9200  2.834605E-05  4.00367
   44.0100  2.860521E-05  3.56209
   44.1000  2.896472E-05  3.01934
   44.1900  2.929523E-05  2.34247
   44.2800  2.950500E-05  1.63688
   44.3700  2.965192E-05  1.03152
   44.4600  2.988844E-05  0.529429
   44.5500  3.029032E-05 -3.891537E-03
   44.6400  3.076502E-05 -0.691741
   44.7300  3.114571E-05 -1.50447
   44.8200  3.138423E-05 -2.28632
   44.9100  3.161638E-05 -2.92683
   45.0000  3.201735E-05 -3.49118
   45.0900  3.261272E-05 -4.15520
   45.1800  3.323215E-05 -5.01148
   45.2700  3.369555E-05 -5.96170
   45.3600  3.401951E-05 -6.81943
   45.4500  3.441587E-05 -7.51363
   45.5400  3.507006E-05 -8.17706
   45.6300  3.593732E-05 -9.00717
   45.7200  3.677150E-05 -10.0503
   45.8100  3.739315E-05 -11.1453
   45.9000  3.789941E-05 -12.0925
   45.9900  3.858602E-05 -12.8690
   46.0800  3.963839E-05 -13.6681
   46.1700  4.092846E-05 -14.6950
   46.2600  4.212667E-05 -15.9450
   46.3500  4.305894E-05 -17.2052
   46.4400  4.392527E-05 -18.2701
   46.5300  4.512070E-05 -19.1665
   46.6200  4.684387E-05 -20.1367
   46.7100  4.886480E-05 -21.3898
   46.8000  5.074691E-05 -22.8767
   46.8900  5.231890E-05 -24.3379
   46.9800  5.390596E-05 -25.5657
   47.0700  5.606464E-05 -26.6259
   47.1600  5.903692E-05 -27.8065
   47.2500  6.248075E-05 -29.3218
   47.3400  6.579772E-05 -31.0899
   47.4300  6.878193E-05 -32.8140
   47.5200  7.194300E-05 -34.2793
   47.6100  7.614373E-05 -35.5706
   47.7000  8.178738E-05 -37.0197
   47.7900  8.842523E-05 -38.8568
   47.8800  9.517328E-05 -40.9919
   47.9700  1.017151E-04 -43.0997
   48.0600  1.088965E-04 -44.9416
   48.1500  1.182653E-04 -46.6072
   48.2400  1.308096E-04 -48.4613
   48.3300  1.461197E-04 -50.7818
   48.4200  1.628748E-04 -53.4987
   48.5100  1.805196E-04 -56.2822
   48.6000  2.007265E-04 -58.8642
   48.6900  2.271074E-04 -61.3225
   48.7800  2.630909E-04 -64.0631
   48.8700  3.097260E-04 -67.4557
   48.9600  3.657563E-04 -71.5300
   49.0500  4.308134E-04 -76.0194
   49.1400  5.097839E-04 -80.6885
   49.2300  6.145102E-04 -85.6633
   49.3200  7.595327E-04 -91.4813
   49.4100  9.523373E-04 -98.7651
   49.5000  1.182995E-03 -107.823
   49.5900  1.419769E-03 -118.546
   49.6800  1.615324E-03 -130.530
   49.7700  1.722723E-03 -143.255
   49.8600  1.714204E-03 -156.162
   49.9500  1.592797E-03 -168.692
   50.0400  1.391100E-03  179.711
   50.1300  1.157423E-03  169.541
   50.2200  9.369314E-04  161.132
   50.3100  7.572950E-04  154.481
   50.4000  6.243570E-04  149.160
   50.4900  5.281501E-04  144.508
   50.5800  4.536690E-04  140.055
   50.6700  3.900239E-04  135.780
   50.7600  3.338039E-04  131.985
   50.8500  2.866631E-04  128.932
   50.9400  2.505787E-04  126.557
   51.0300  2.246049E-04  124.438
   51.1200  2.049464E-04  122.138
   51.2100  1.874175E-04  119.571
   51.3000  1.699377E-04  117.019
   51.3900  1.531419E-04  114.872
   51.4800  1.389346E-04  113.291
   51.5700  1.284740E-04  112.036
   51.6600  1.211022E-04  110.665
   51.7500  1.149166E-04  108.922
   51.8400  1.082503E-04  106.940
   51.9300  1.007996E-04  105.105
   52.0200  9.356732E-05  103.734
   52.1100  8.781895E-05  102.807
   52.2000  8.397777E-05  101.968
   52.2900  8.132555E-05  100.827
   52.3800  7.863289E-05  99.3051
   52.4700  7.513446E-05  97.6707
   52.5600  7.104257E-05  96.3130
   52.6500  6.726007E-05  95.4275
   52.7400  6.457464E-05  94.8500
   52.8300  6.302964E-05  94.1813
   52.9200  6.193249E-05  93.1332
   53.0100  6.043759E-05  91.7647
   53.1000  5.820504E-05  90.4089
   53.1900  5.561600E-05  89.4062
   53.2800  5.340845E-05  88.8402
   53.3700  5.206846E-05  88.4571
   53.4600  5.146226E-05  87.8688
   53.5500  5.096956E-05  86.8853
   53.6400  4.998959E-05  85.6549
   53.7300  4.839818E-05  84.5256
   53.8200  4.660804E-05  83.7829
   53.9100  4.521666E-05  83.4264
   54.0000  4.453192E-05  83.1590
   54.0900  4.435030E-05  82.6260
   54.1800  4.413304E-05  81.7099
   54.2700  4.343295E-05  80.6029
   54.3600  4.222456E-05  79.6480
   54.4500  4.090152E-05  79.0837
   54.5400  3.995648E-05  78.8631
   54.6300  3.960323E-05  78.6786
   54.7200  3.962890E-05  78.2062
   54.8100  3.956781E-05  77.3657
   54.9000  3.905959E-05  76.3637
   54.9900  3.811029E-05  75.5276
   55.0800  3.707188E-05  75.0730
   55.1700  3.636776E-05  74.9394
   55.2600  3.617662E-05  74.8275
   55.3500  3.630946E-05  74.4329
   55.4400  3.636195E-05  73.6796
   55.5300  3.601439E-05  72.7624
   55.6200  3.526000E-05  71.9951
   55.7100  3.439965E-05  71.5904
   55.8000  3.381284E-05  71.5057
   55.8900  3.368110E-05  71.4663
   55.9800  3.386553E-05  71.1707
   56.0700  3.401519E-05  70.5207
   56.1600  3.382165E-05  69.6775
   56.2500  3.323674E-05  68.9363
   56.3400  3.249708E-05  68.5267
   56.4300  3.194937E-05  68.4526
   56.5200  3.180492E-05  68.4793
   56.6100  3.199478E-05  68.3052
   56.7000  3.222694E-05  67.7835
   56.7900  3.219215E-05  67.0187
   56.8800  3.177828E-05  66.2786
   56.9700  3.114096E-05  65.8166
   57.0600  3.059070E-05  65.7035
   57.1500  3.037651E-05  65.7726
   57.2400  3.051938E-05  65.7309
   57.3300  3.080378E-05  65.3721
   57.4200  3.092744E-05  64.7157
   57.5100  3.070576E-05  63.9788
   57.6000  3.019197E-05  63.4291
   57.6900  2.963562E-05  63.2177
   57.7800  2.931322E-05  63.2750
   57.8700  2.934582E-05  63.3503
   57.9600  2.962324E-05  63.1853
   58.0500  2.988090E-05  62.6925
   58.1400  2.987471E-05  62.0005
   58.2300  2.953802E-05  61.3617
   58.3200  2.902060E-05  60.9967
   58.4100  2.858851E-05  60.9566
   58.5000  2.845108E-05  61.0846
   58.5900  2.863028E-05  61.1136
   58.6800  2.895016E-05  60.8483
   58.7700  2.915133E-05  60.2890
   58.8600  2.905518E-05  59.6172
   58.9500  2.867248E-05  59.0816
   59.0400  2.819390E-05  58.8501
   59.1300  2.786845E-05  58.9081
   59.2200  2.784984E-05  59.0579
   59.3100  2.810308E-05  59.0472
   59.4000  2.843128E-05  58.7301
   59.4900  2.859618E-05  58.1534
   59.5800  2.846243E-05  57.5167
   59.6700  2.807773E-05  57.0514
   59.7600  2.764013E-05  56.8931
   59.8500  2.737806E-05  56.9975
   59.9400  2.741523E-05  57.1603
   60.0300  2.769928E-05  57.1435
   60.1200  2.803548E-05  56.8247
   60.2100  2.820258E-05  56.2622
   60.3000  2.808103E-05  55.6506
   60.3900  2.772075E-05  55.2090
   60.4800  2.730884E-05  55.0655
   60.5700  2.706065E-05  55.1807
   60.6600  2.709819E-05  55.3630
   60.7500  2.738187E-05  55.3830
   60.8400  2.773534E-05  55.1122
   60.9300  2.794643E-05  54.5894
   61.0200  2.788533E-05  53.9894
   61.1100  2.757555E-05  53.5250
   61.2000  2.717748E-05  53.3396
   61.2900  2.689976E-05  53.4271
   61.3800  2.688451E-05  53.6285
   61.4700  2.713094E-05  53.7225
   61.5600  2.749926E-05  53.5511
   61.6500  2.778615E-05  53.1064
   61.7400  2.783460E-05  52.5238
   61.8300  2.761638E-05  52.0057
   61.9200  2.724497E-05  51.7224
   62.0100  2.691355E-05  51.7261
   62.1000  2.679449E-05  51.9177
   62.1900  2.694850E-05  52.0975
   62.2800  2.729683E-05  52.0738
   62.3700  2.766225E-05  51.7680
   62.4600  2.786155E-05  51.2472
   62.5500  2.779772E-05  50.6817
   62.6400  2.750799E-05  50.2618
   62.7300  2.714325E-05  50.1091
   62.8200  2.689145E-05  50.2141
   62.9100  2.688389E-05  50.4369
   63.0000  2.713113E-05  50.5771
   63.0900  2.752028E-05  50.4798
   63.1800  2.787074E-05  50.1128
   63.2700  2.802266E-05  49.5735
   63.3600  2.791370E-05  49.0368
   63.4500  2.760745E-05  48.6745
   63.5400  2.726187E-05  48.5797
   63.6300  2.705239E-05  48.7222
   63.7200  2.709067E-05  48.9550
   63.8100  2.737255E-05  49.0872
   63.9000  2.778119E-05  48.9810
   63.9900  2.814362E-05  48.6151
   64.0800  2.830905E-05  48.0851
   64.1700  2.821917E-05  47.5556
   64.2600  2.793109E-05  47.1900
   64.3500  2.759254E-05  47.0819
   64.4400  2.737290E-05  47.2122
   64.5300  2.738872E-05  47.4512
   64.6200  2.765256E-05  47.6195
   64.7100  2.806823E-05  47.5730
   64.8000  2.847525E-05  47.2684
   64.8900  2.871827E-05  46.7738
   64.9800  2.871414E-05  46.2343
   65.0700  2.848655E-05  45.8102
   65.1600  2.815521E-05  45.6163
   65.2500  2.788259E-05  45.6739
   65.3400  2.780748E-05  45.8958
   65.4300  2.798558E-05  46.1232
   65.5200  2.836825E-05  46.1957
   65.6100  2.882322E-05  46.0250
   65.7000  2.919107E-05  45.6236
   65.7900  2.934841E-05  45.0955
   65.8800  2.925800E-05  44.5912
   65.9700  2.898376E-05  44.2490
   66.0600  2.866209E-05  44.1490
   66.1500  2.844814E-05  44.2760
   66.2400  2.845545E-05  44.5221
   66.3300  2.871061E-05  44.7307
   66.4200  2.914515E-05  44.7628
   66.5100  2.962271E-05  44.5536
   66.6000  2.999141E-05  44.1327
   66.6900  3.014264E-05  43.6060
   66.7800  3.005057E-05  43.1138
   66.8700  2.978115E-05  42.7840
   66.9600  2.946648E-05  42.6881
   67.0500  2.925596E-05  42.8119
   67.1400  2.926022E-05  43.0581
   67.2300  2.951222E-05  43.2828
   67.3200  2.995600E-05  43.3509
   67.4100  3.046810E-05  43.1907
   67.5000  3.090179E-05  42.8144
   67.5900  3.113923E-05  42.3070
   67.6800  3.113302E-05  41.7946
   67.7700  3.092111E-05  41.4037
   67.8600  3.061294E-05  41.2216
   67.9500  3.035156E-05  41.2656
   68.0400  3.026401E-05  41.4760
   68.1300  3.041829E-05  41.7326
   68.2200  3.080304E-05  41.9000
   68.3100  3.132952E-05  41.8768
   68.4000  3.186473E-05  41.6293
   68.4900  3.227282E-05  41.1985
   68.5800  3.246119E-05  40.6797
   68.6700  3.240903E-05  40.1933
   68.7600  3.217386E-05  39.8484
   68.8500  3.187064E-05  39.7117
   68.9400  3.163733E-05  39.7879
   69.0300  3.158939E-05  40.0106
   69.1200  3.178528E-05  40.2676
   69.2100  3.220943E-05  40.4336
   69.3000  3.277679E-05  40.4182
   69.3900  3.336038E-05  40.1890
   69.4800  3.382925E-05  39.7784
   69.5700  3.408861E-05  39.2703
   69.6600  3.410585E-05  38.7717
   69.7500  3.392075E-05  38.3860
   69.8400  3.363210E-05  38.1870
   69.9300  3.336959E-05  38.1955
   70.0200  3.325485E-05  38.3733
   70.1100  3.336883E-05  38.6311
   70.2000  3.372835E-05  38.8552
   70.2900  3.428213E-05  38.9450
   70.3800  3.492690E-05  38.8406
   70.4700  3.553538E-05  38.5398
   70.5600  3.599122E-05  38.0911
   70.6500  3.622036E-05  37.5786
   70.7400  3.621106E-05  37.1016
   70.8300  3.601450E-05  36.7474
   70.9200  3.573227E-05  36.5752
   71.0100  3.548879E-05  36.5980
   71.1000  3.539840E-05  36.7774
   71.1900  3.553734E-05  37.0324
   71.2800  3.592368E-05  37.2618
   71.3700  3.651477E-05  37.3733
   71.4600  3.721797E-05  37.3084
   71.5500  3.791442E-05  37.0553
   71.6400  3.848770E-05  36.6472
   71.7300  3.885312E-05  36.1513
   71.8200  3.897626E-05  35.6530
   71.9100  3.888138E-05  35.2357
   72.0000  3.864552E-05  34.9655
   72.0900  3.837822E-05  34.8766
   72.1800  3.819723E-05  34.9609
   72.2700  3.820133E-05  35.1696
   72.3600  3.844705E-05  35.4235
   72.4500  3.893851E-05  35.6334
   72.5400  3.962581E-05  35.7222
   72.6300  4.041638E-05  35.6444
   72.7200  4.119825E-05  35.3931
   72.8100  4.186069E-05  34.9964
   72.9000  4.232068E-05  34.5128
   72.9900  4.253968E-05  34.0148
   73.0800  4.252968E-05  33.5757
   73.1700  4.235215E-05  33.2575
   73.2600  4.210293E-05  33.0993
   73.3500  4.189282E-05  33.1076
   73.4400  4.182532E-05  33.2559
   73.5300  4.197699E-05  33.4876
   73.6200  4.238126E-05  33.7292
   73.7100  4.302314E-05  33.9050
   73.8000  4.384360E-05  33.9548
   73.8900  4.475017E-05  33.8495
   73.9800  4.563586E-05  33.5863
   74.0700  4.639922E-05  33.1938
   74.1600  4.696262E-05  32.7209
   74.2500  4.728636E-05  32.2289
   74.3400  4.737466E-05  31.7792
   74.4300  4.727594E-05  31.4271
   74.5200  4.707142E-05  31.2105
   74.6100  4.686190E-05  31.1460
   74.7000  4.674930E-05  31.2221
   74.7900  4.682095E-05  31.4045
   74.8800  4.713173E-05  31.6375
   74.9700  4.769808E-05  31.8574
   75.0600  4.849675E-05  32.0041
   75.1500  4.946577E-05  32.0344
   75.2400  5.051845E-05  31.9233
   75.3300  5.155502E-05  31.6721
   75.4200  5.248241E-05  31.3028
   75.5100  5.322258E-05  30.8533
   75.6000  5.373023E-05  30.3716
   75.6900  5.399692E-05  29.9087
   75.7800  5.404966E-05  29.5111
   75.8700  5.394987E-05  29.2172
   75.9600  5.378061E-05  29.0509
   76.0500  5.363771E-05  29.0167
   76.1400  5.361115E-05  29.1023
   76.2300  5.377699E-05  29.2755
   76.3200  5.418507E-05  29.4913
   76.4100  5.485164E-05  29.7001
   76.5000  5.575983E-05  29.8535
   76.5900  5.686212E-05  29.9132
   76.6800  5.808545E-05  29.8563
   76.7700  5.934346E-05  29.6754
   76.8600  6.054708E-05  29.3805
   76.9500  6.161597E-05  28.9948
   77.0400  6.248740E-05  28.5504
   77.1300  6.312648E-05  28.0842
   77.2200  6.352704E-05  27.6357
   77.3100  6.371258E-05  27.2395
   77.4000  6.373393E-05  26.9270
   77.4900  6.366082E-05  26.7180
   77.5800  6.357622E-05  26.6195
   77.6700  6.356370E-05  26.6295
   77.7600  6.369843E-05  26.7305
   77.8500  6.404186E-05  26.8954
   77.9400  6.463194E-05  27.0895
   78.0300  6.548154E-05  27.2759
   78.1200  6.657623E-05  27.4185
   78.2100  6.787879E-05  27.4887
   78.3000  6.933040E-05  27.4674
   78.3900  7.085998E-05  27.3445
   78.4800  7.239114E-05  27.1236
   78.5700  7.384739E-05  26.8142
   78.6600  7.516351E-05  26.4367
   78.7500  7.628759E-05  26.0140
   78.8400  7.718930E-05  25.5720
   78.9300  7.785943E-05  25.1384
   79.0200  7.831038E-05  24.7384
   79.1100  7.857681E-05  24.3936
   79.2000  7.870904E-05  24.1217
   79.2900  7.876961E-05  23.9337
   79.3800  7.882886E-05  23.8336
   79.4700  7.895595E-05  23.8179
   79.5600  7.921525E-05  23.8762
   79.6500  7.966158E-05  23.9921
   79.7400  8.033240E-05  24.1422
   79.8300  8.125208E-05  24.3042
   79.9200  8.242320E-05  24.4532
   80.0100  8.383235E-05  24.5657
   80.1000  8.544914E-05  24.6255
   80.1900  8.722860E-05  24.6181
   80.2800  8.911805E-05  24.5368
   80.3700  9.105731E-05  24.3805
   80.4600  9.298474E-05  24.1525
   80.5500  9.484176E-05  23.8616
   80.6400  9.657850E-05  23.5201
   80.7300  9.815077E-05  23.1416
   80.8200  9.953087E-05  22.7419
   80.9100  1.007018E-04  22.3377
   81.0000  1.016633E-04  21.9441
   81.0900  1.024256E-04  21.5744
   81.1800  1.030144E-04  21.2428
   81.2700  1.034648E-04  20.9594
   81.3600  1.038195E-04  20.7301
   81.4500  1.041285E-04  20.5610
   81.5400  1.044402E-04  20.4519
   81.6300  1.048065E-04  20.4008
   81.7200  1.052740E-04  20.4028
   81.8100  1.058848E-04  20.4488
   81.9000  1.066730E-04  20.5295
   81.9900  1.076629E-04  20.6313
   82.0800  1.088710E-04  20.7439
   82.1700  1.103028E-04  20.8531
   82.2600  1.119537E-04  20.9475
   82.3500  1.138112E-04  21.0170
   82.4400  1.158536E-04  21.0529
   82.5300  1.180518E-04  21.0496
   82.6200  1.203743E-04  21.0018
   82.7100  1.227837E-04  20.9084
   82.8000  1.252397E-04  20.7703
   82.8900  1.277060E-04  20.5880
   82.9800  1.301447E-04  20.3666
   83.0700  1.325212E-04  20.1106
   83.1600  1.348062E-04  19.8263
   83.2500  1.369715E-04  19.5191
   83.3400  1.390009E-04  19.1963
   83.4300  1.408766E-04  18.8636
   83.5200  1.425938E-04  18.5290
   83.6100  1.441474E-04  18.1980
   83.7000  1.455420E-04  17.8753
   83.7900  1.467860E-04  17.5677
   83.8800  1.478930E-04  17.2792
   83.9700  1.488782E-04  17.0130
   84.0600  1.497637E-04  16.7722
   84.1500  1.505687E-04  16.5591
   84.2400  1.513166E-04  16.3757
   84.3300  1.520318E-04  16.2206
   84.4200  1.527390E-04  16.0958
   84.5100  1.534581E-04  15.9990
   84.6000  1.542123E-04  15.9288
   84.6900  1.550204E-04  15.8833
   84.7800  1.558987E-04  15.8605
   84.8700  1.568626E-04  15.8557
   84.9600  1.579242E-04  15.8675
   85.0500  1.590917E-04  15.8919
   85.1400  1.603717E-04  15.9263
   85.2300  1.617683E-04  15.9661
   85.3200  1.632803E-04  16.0088
   85.4100  1.649082E-04  16.0516
   85.5000  1.666473E-04  16.0916
   85.5900  1.684923E-04  16.1271
   85.6800  1.704348E-04  16.1550
   85.7700  1.724667E-04  16.1743
   85.8600  1.745780E-04  16.1836
   85.9500  1.767608E-04  16.1818
   86.0400  1.789989E-04  16.1686
   86.1300  1.812834E-04  16.1434
   86.2200  1.836024E-04  16.1070
   86.3100  1.859439E-04  16.0576
   86.4000  1.882968E-04  15.9981
   86.4900  1.906499E-04  15.9274
   86.5800  1.929952E-04  15.8466
   86.6700  1.953197E-04  15.7565
   86.7600  1.976173E-04  15.6581
   86.8500  1.998796E-04  15.5518
   86.9400  2.020992E-04  15.4407
   87.0300  2.042653E-04  15.3227
   87.1200  2.063786E-04  15.2014
   87.2100  2.084313E-04  15.0754
   87.3000  2.104210E-04  14.9481
   87.3900  2.123425E-04  14.8184
   87.4800  2.141941E-04  14.6875
   87.5700  2.159723E-04  14.5572
   87.6600  2.176794E-04  14.4276
   87.7500  2.193106E-04  14.2993
   87.8400  2.208665E-04  14.1737
   87.9300  2.223509E-04  14.0498
   88.0200  2.237554E-04  13.9294
   88.1100  2.250896E-04  13.8127
   88.2000  2.263493E-04  13.6996
   88.2900  2.275349E-04  13.5903
   88.3800  2.286493E-04  13.4866
   88.4700  2.296973E-04  13.3869
   88.5600  2.306740E-04  13.2917
   88.6500  2.315837E-04  13.2029
   88.7400  2.324267E-04  13.1190
   88.8300  2.332053E-04  13.0407
   88.9200  2.339210E-04  12.9677
   89.0100  2.345739E-04  12.8999
   89.1000  2.351646E-04  12.8390
   89.1900  2.356985E-04  12.7833
   89.2800  2.361723E-04  12.7340
   89.3700  2.365879E-04  12.6887
   89.4600  2.369468E-04  12.6504
   89.5500  2.372486E-04  12.6194
   89.6400  2.374943E-04  12.5924
   89.7300  2.376855E-04  12.5717
   89.8200  2.378202E-04  12.5572
   89.9100  2.379036E-04  12.5488
   90.0000  2.379301E-04  12.5453