   0.000000  1.00000
   0.100000  0.993063
   0.200000  0.986172
   0.300000  0.979327
   0.400000  0.972527
   0.500000  0.965769
   0.600000  0.959052
   0.700000  0.952375
   0.800000  0.945737
   0.900000  0.939136
   1.00000  0.932571
   1.10000  0.926042
   1.20000  0.919545
   1.30000  0.913082
   1.40000  0.906649
   1.50000  0.900247
   1.60000  0.893874
   1.70000  0.887529
   1.80000  0.881210
   1.90000  0.874917
   2.00000  0.868649
   2.10000  0.862404
   2.20000  0.856182
   2.30000  0.849981
   2.40000  0.843801
   2.50000  0.837641
   2.60000  0.831499
   2.70000  0.825374
   2.80000  0.819266
   2.90000  0.813173
   3.00000  0.807095
   3.10000  0.801031
   3.20000  0.794980
   3.30000  0.788940
   3.40000  0.782911
   3.50000  0.776892
   3.60000  0.770882
   3.70000  0.764880
   3.80000  0.758886
   3.90000  0.752897
   4.00000  0.746914
   4.10000  0.740936
   4.20000  0.734960
   4.30000  0.728988
   4.40000  0.723018
   4.50000  0.717048
   4.60000  0.711078
   4.70000  0.705107
   4.80000  0.699135
   4.90000  0.693159
   5.00000  0.687180
   5.10000  0.681197
   5.20000  0.675208
   5.30000  0.669213
   5.40000  0.663210
   5.50000  0.657199
   5.60000  0.651179
   5.70000  0.645149
   5.80000  0.639108
   5.90000  0.633055
   6.00000  0.626989
   6.10000  0.620910
   6.20000  0.614815
   6.30000  0.608705
   6.40000  0.602579
   6.50000  0.596435
   6.60000  0.590272
   6.70000  0.584090
   6.80000  0.577887
   6.90000  0.571663
   7.00000  0.565417
   7.10000  0.559148
   7.20000  0.552854
   7.30000  0.546535
   7.40000  0.540190
   7.50000  0.533818
   7.60000  0.527418
   7.70000  0.520989
   7.80000  0.514531
   7.90000  0.508042
   8.00000  0.501521
   8.10000  0.494968
   8.20000  0.488382
   8.30000  0.481763
   8.40000  0.475109
   8.50000  0.468419
   8.60000  0.461694
   8.70000  0.454933
   8.80000  0.448135
   8.90000  0.441301
   9.00000  0.434428
   9.10000  0.427519
   9.20000  0.420571
   9.30000  0.413586
   9.40000  0.406565
   9.50000  0.399506
   9.60000  0.392412
   9.70000  0.385281
   9.80000  0.378117
   9.90000  0.370920
   10.0000  0.363691
   10.1000  0.356433
   10.2000  0.349147
   10.3000  0.341836
   10.4000  0.334503
   10.5000  0.327152
   10.6000  0.319785
   10.7000  0.312408
   10.8000  0.305024
   10.9000  0.297639
   11.0000  0.290258
   11.1000  0.282887
   11.2000  0.275532
   11.3000  0.268202
   11.4000  0.260902
   11.5000  0.253641
   11.6000  0.246426
   11.7000  0.239267
   11.8000  0.232172
   11.9000  0.225149
   12.0000  0.218209
   12.1000  0.211359
   12.2000  0.204608
   12.3000  0.197966
   12.4000  0.191440
   12.5000  0.185039
   12.6000  0.178769
   12.7000  0.172638
   12.8000  0.166651
   12.9000  0.160815
   13.0000  0.155133
   13.1000  0.149609
   13.2000  0.144247
   13.3000  0.139048
   13.4000  0.134013
   13.5000  0.129144
   13.6000  0.124439
   13.7000  0.119899
   13.8000  0.115520
   13.9000  0.111302
   14.0000  0.107242
   14.1000  0.103335
   14.2000  9.957945E-02
   14.3000  9.597073E-02
   14.4000  9.250487E-02
   14.5000  8.917772E-02
   14.6000  8.598467E-02
   14.7000  8.292132E-02
   14.8000  7.998303E-02
   14.9000  7.716525E-02
   15.0000  7.446352E-02
   15.1000  7.187307E-02
   15.2000  6.938963E-02
   15.3000  6.700873E-02
   15.4000  6.472600E-02
   15.5000  6.253750E-02
   15.6000  6.043896E-02
   15.7000  5.842654E-02
   15.8000  5.649652E-02
   15.9000  5.464515E-02
   16.0000  5.286897E-02
   16.1000  5.116458E-02
   16.2000  4.952880E-02
   16.3000  4.795848E-02
   16.4000  4.645073E-02
   16.5000  4.500267E-02
   16.6000  4.361160E-02
   16.7000  4.227500E-02
   16.8000  4.099033E-02
   16.9000  3.975529E-02
   17.0000  3.856764E-02
   17.1000  3.742526E-02
   17.2000  3.632614E-02
   17.3000  3.526831E-02
   17.4000  3.425002E-02
   17.5000  3.326941E-02
   17.6000  3.232494E-02
   17.7000  3.141492E-02
   17.8000  3.053795E-02
   17.9000  2.969254E-02
   18.0000  2.887733E-02
   18.1000  2.809103E-02
   18.2000  2.733241E-02
   18.3000  2.660035E-02
   18.4000  2.589364E-02
   18.5000  2.521127E-02
   18.6000  2.455222E-02
   18.7000  2.391555E-02
   18.8000  2.330030E-02
   18.9000  2.270562E-02
   19.0000  2.213068E-02
   19.1000  2.157465E-02
   19.2000  2.103679E-02
   19.3000  2.051641E-02
   19.4000  2.001281E-02
   19.5000  1.952528E-02
   19.6000  1.905325E-02
   19.7000  1.859611E-02
   19.8000  1.815326E-02
   19.9000  1.772418E-02
   20.0000  1.730833E-02
   20.1000  1.690523E-02
   20.2000  1.651437E-02
   20.3000  1.613533E-02
   20.4000  1.576766E-02
   20.5000  1.541095E-02
   20.6000  1.506478E-02
   20.7000  1.472879E-02
   20.8000  1.440258E-02
   20.9000  1.408585E-02
   21.0000  1.377823E-02
   21.1000  1.347940E-02
   21.2000  1.318906E-02
   21.3000  1.290691E-02
   21.4000  1.263267E-02
   21.5000  1.236608E-02
   21.6000  1.210683E-02
   21.7000  1.185473E-02
   21.8000  1.160951E-02
   21.9000  1.137093E-02
   22.0000  1.113879E-02
   22.1000  1.091287E-02
   22.2000  1.069296E-02
   22.3000  1.047888E-02
   22.4000  1.027041E-02
   22.5000  1.006739E-02
   22.6000  9.869643E-03
   22.7000  9.676998E-03
   22.8000  9.489298E-03
   22.9000  9.306375E-03
   23.0000  9.128092E-03
   23.1000  8.954293E-03
   23.2000  8.784847E-03
   23.3000  8.619634E-03
   23.4000  8.458492E-03
   23.5000  8.301324E-03
   23.6000  8.147993E-03
   23.7000  7.998393E-03
   23.8000  7.852405E-03
   23.9000  7.709932E-03
   24.0000  7.570861E-03
   24.1000  7.435099E-03
   24.2000  7.302541E-03
   24.3000  7.173097E-03
   24.4000  7.046687E-03
   24.5000  6.923203E-03
   24.6000  6.802583E-03
   24.7000  6.684735E-03
   24.8000  6.569575E-03
   24.9000  6.457039E-03
   25.0000  6.347053E-03
   25.1000  6.239536E-03
   25.2000  6.134420E-03
   25.3000  6.031646E-03
   25.4000  5.931158E-03
   25.5000  5.832868E-03
   25.6000  5.736742E-03
   25.7000  5.642710E-03
   25.8000  5.550713E-03
   25.9000  5.460709E-03
   26.0000  5.372629E-03
   26.1000  5.286437E-03
   26.2000  5.202075E-03
   26.3000  5.119491E-03
   26.4000  5.038650E-03
   26.5000  4.959504E-03
   26.6000  4.881994E-03
   26.7000  4.806099E-03
   26.8000  4.731771E-03
   26.9000  4.658967E-03
   27.0000  4.587649E-03
   27.1000  4.517782E-03
   27.2000  4.449327E-03
   27.3000  4.382254E-03
   27.4000  4.316517E-03
   27.5000  4.252097E-03
   27.6000  4.188956E-03
   27.7000  4.127063E-03
   27.8000  4.066383E-03
   27.9000  4.006896E-03
   28.0000  3.948567E-03
   28.1000  3.891368E-03
   28.2000  3.835271E-03
   28.3000  3.780253E-03
   28.4000  3.726290E-03
   28.5000  3.673356E-03
   28.6000  3.621425E-03
   28.7000  3.570468E-03
   28.8000  3.520474E-03
   28.9000  3.471415E-03
   29.0000  3.423269E-03
   29.1000  3.376013E-03
   29.2000  3.329632E-03
   29.3000  3.284107E-03
   29.4000  3.239409E-03
   29.5000  3.195528E-03
   29.6000  3.152445E-03
   29.7000  3.110138E-03
   29.8000  3.068594E-03
   29.9000  3.027792E-03
   30.0000  2.987719E-03
   30.1000  2.948356E-03
   30.2000  2.909694E-03
   30.3000  2.871706E-03
   30.4000  2.834389E-03
   30.5000  2.797725E-03
   30.6000  2.761698E-03
   30.7000  2.726293E-03
   30.8000  2.691503E-03
   30.9000  2.657306E-03
   31.0000  2.623699E-03
   31.1000  2.590663E-03
   31.2000  2.558189E-03
   31.3000  2.526263E-03
   31.4000  2.494873E-03
   31.5000  2.464011E-03
   31.6000  2.433664E-03
   31.7000  2.403827E-03
   31.8000  2.374478E-03
   31.9000  2.345615E-03
   32.0000  2.317228E-03
   32.1000  2.289311E-03
   32.2000  2.261841E-03
   32.3000  2.234824E-03
   32.4000  2.208239E-03
   32.5000  2.182088E-03
   32.6000  2.156356E-03
   32.7000  2.131037E-03
   32.8000  2.106117E-03
   32.9000  2.081598E-03
   33.0000  2.057471E-03
   33.1000  2.033715E-03
   33.2000  2.010336E-03
   33.3000  1.987326E-03
   33.4000  1.964671E-03
   33.5000  1.942374E-03
   33.6000  1.920416E-03
   33.7000  1.898800E-03
   33.8000  1.877516E-03
   33.9000  1.856558E-03
   34.0000  1.835920E-03
   34.1000  1.815593E-03
   34.2000  1.795580E-03
   34.3000  1.775866E-03
   34.4000  1.756446E-03
   34.5000  1.737317E-03
   34.6000  1.718477E-03
   34.7000  1.699917E-03
   34.8000  1.681633E-03
   34.9000  1.663614E-03
   35.0000  1.645866E-03
   35.1000  1.628377E-03
   35.2000  1.611145E-03
   35.3000  1.594163E-03
   35.4000  1.577427E-03
   35.5000  1.560935E-03
   35.6000  1.544681E-03
   35.7000  1.528660E-03
   35.8000  1.512866E-03
   35.9000  1.497297E-03
   36.0000  1.481956E-03
   36.1000  1.466829E-03
   36.2000  1.451914E-03
   36.3000  1.437212E-03
   36.4000  1.422714E-03
   36.5000  1.408422E-03
   36.6000  1.394330E-03
   36.7000  1.380432E-03
   36.8000  1.366724E-03
   36.9000  1.353209E-03
   37.0000  1.339880E-03
   37.1000  1.326732E-03
   37.2000  1.313765E-03
   37.3000  1.300973E-03
   37.4000  1.288360E-03
   37.5000  1.275913E-03
   37.6000  1.263636E-03
   37.7000  1.251524E-03
   37.8000  1.239573E-03
   37.9000  1.227782E-03
   38.0000  1.216149E-03
   38.1000  1.204673E-03
   38.2000  1.193346E-03
   38.3000  1.182171E-03
   38.4000  1.171142E-03
   38.5000  1.160257E-03
   38.6000  1.149515E-03
   38.7000  1.138915E-03
   38.8000  1.128451E-03
   38.9000  1.118122E-03
   39.0000  1.107929E-03
   39.1000  1.097866E-03
   39.2000  1.087931E-03
   39.3000  1.078124E-03
   39.4000  1.068442E-03
   39.5000  1.058886E-03
   39.6000  1.049449E-03
   39.7000  1.040132E-03
   39.8000  1.030932E-03
   39.9000  1.021847E-03
   40.0000  1.012876E-03
   40.1000  1.004021E-03
   40.2000  9.952730E-04
   40.3000  9.866344E-04
   40.4000  9.781019E-04
   40.5000  9.696766E-04
   40.6000  9.613541E-04
   40.7000  9.531331E-04
   40.8000  9.450153E-04
   40.9000  9.369958E-04
   41.0000  9.290716E-04
   41.1000  9.212458E-04
   41.2000  9.135149E-04
   41.3000  9.058777E-04
   41.4000  8.983322E-04
   41.5000  8.908758E-04
   41.6000  8.835114E-04
   41.7000  8.762332E-04
   41.8000  8.690401E-04
   41.9000  8.619358E-04
   42.0000  8.549140E-04
   42.1000  8.479739E-04
   42.2000  8.411168E-04
   42.3000  8.343416E-04
   42.4000  8.276444E-04
   42.5000  8.210253E-04
   42.6000  8.144841E-04
   42.7000  8.080169E-04
   42.8000  8.016257E-04
   42.9000  7.953080E-04
   43.0000  7.890655E-04
   43.1000  7.828920E-04
   43.2000  7.767916E-04
   43.3000  7.707586E-04
   43.4000  7.647966E-04
   43.5000  7.589004E-04
   43.6000  7.530714E-04
   43.7000  7.473087E-04
   43.8000  7.416116E-04
   43.9000  7.359766E-04
   44.0000  7.304059E-04
   44.1000  7.248980E-04
   44.2000  7.194523E-04
   44.3000  7.140661E-04
   44.4000  7.087407E-04
   44.5000  7.034733E-04
   44.6000  6.982649E-04
   44.7000  6.931133E-04
   44.8000  6.880194E-04
   44.9000  6.829782E-04
   45.0000  6.779960E-04
   45.1000  6.730675E-04
   45.2000  6.681899E-04
   45.3000  6.633670E-04
   45.4000  6.585957E-04
   45.5000  6.538758E-04
   45.6000  6.492064E-04
   45.7000  6.445890E-04
   45.8000  6.400191E-04
   45.9000  6.354999E-04
   46.0000  6.310290E-04
   46.1000  6.266036E-04
   46.2000  6.222276E-04
   46.3000  6.178960E-04
   46.4000  6.136104E-04
   46.5000  6.093705E-04
   46.6000  6.051754E-04
   46.7000  6.010228E-04
   46.8000  5.969142E-04
   46.9000  5.928510E-04
   47.0000  5.888287E-04
   47.1000  5.848472E-04
   47.2000  5.809075E-04
   47.3000  5.770074E-04
   47.4000  5.731485E-04
   47.5000  5.693283E-04
   47.6000  5.655498E-04
   47.7000  5.618077E-04
   47.8000  5.581048E-04
   47.9000  5.544405E-04
   48.0000  5.508129E-04
   48.1000  5.472196E-04
   48.2000  5.436658E-04
   48.3000  5.401456E-04
   48.4000  5.366619E-04
   48.5000  5.332148E-04
   48.6000  5.298016E-04
   48.7000  5.264208E-04
   48.8000  5.230733E-04
   48.9000  5.197623E-04
   49.0000  5.164823E-04
   49.1000  5.132346E-04
   49.2000  5.100209E-04
   49.3000  5.068370E-04
   49.4000  5.036828E-04
   49.5000  5.005630E-04
   49.6000  4.974719E-04
   49.7000  4.944131E-04
   49.8000  4.913826E-04
   49.9000  4.883818E-04
   50.0000  4.854120E-04
   50.1000  4.824680E-04
   50.2000  4.795544E-04
   50.3000  4.766677E-04
   50.4000  4.738091E-04
   50.5000  4.709784E-04
   50.6000  4.681768E-04
   50.7000  4.653994E-04
   50.8000  4.626490E-04
   50.9000  4.599253E-04
   51.0000  4.572281E-04
   51.1000  4.545540E-04
   51.2000  4.519090E-04
   51.3000  4.492866E-04
   51.4000  4.466895E-04
   51.5000  4.441177E-04
   51.6000  4.415676E-04
   51.7000  4.390438E-04
   51.8000  4.365430E-04
   51.9000  4.340676E-04
   52.0000  4.316118E-04
   52.1000  4.291811E-04
   52.2000  4.267710E-04
   52.3000  4.243857E-04
   52.4000  4.220203E-04
   52.5000  4.196777E-04
   52.6000  4.173577E-04
   52.7000  4.150585E-04
   52.8000  4.127801E-04
   52.9000  4.105222E-04
   53.0000  4.082860E-04
   53.1000  4.060697E-04
   53.2000  4.038735E-04
   53.3000  4.016983E-04
   53.4000  3.995412E-04
   53.5000  3.974048E-04
   53.6000  3.952860E-04
   53.7000  3.931890E-04
   53.8000  3.911094E-04
   53.9000  3.890497E-04
   54.0000  3.870069E-04
   54.1000  3.849825E-04
   54.2000  3.829773E-04
   54.3000  3.809901E-04
   54.4000  3.790205E-04
   54.5000  3.770671E-04
   54.6000  3.751311E-04
   54.7000  3.732136E-04
   54.8000  3.713131E-04
   54.9000  3.694295E-04
   55.0000  3.675626E-04
   55.1000  3.657108E-04
   55.2000  3.638756E-04
   55.3000  3.620579E-04
   55.4000  3.602551E-04
   55.5000  3.584681E-04
   55.6000  3.566970E-04
   55.7000  3.549415E-04
   55.8000  3.532016E-04
   55.9000  3.514757E-04
   56.0000  3.497651E-04
   56.1000  3.480709E-04
   56.2000  3.463904E-04
   56.3000  3.447233E-04
   56.4000  3.430711E-04
   56.5000  3.414335E-04
   56.6000  3.398103E-04
   56.7000  3.382014E-04
   56.8000  3.366054E-04
   56.9000  3.350235E-04
   57.0000  3.334543E-04
   57.1000  3.318991E-04
   57.2000  3.303585E-04
   57.3000  3.288293E-04
   57.4000  3.273135E-04
   57.5000  3.258110E-04
   57.6000  3.243206E-04
   57.7000  3.228433E-04
   57.8000  3.213777E-04
   57.9000  3.199252E-04
   58.0000  3.184853E-04
   58.1000  3.170570E-04
   58.2000  3.156402E-04
   58.3000  3.142369E-04
   58.4000  3.128437E-04
   58.5000  3.114627E-04
   58.6000  3.100939E-04
   58.7000  3.087360E-04
   58.8000  3.073890E-04
   58.9000  3.060549E-04
   59.0000  3.047303E-04
   59.1000  3.034174E-04
   59.2000  3.021137E-04
   59.3000  3.008228E-04
   59.4000  2.995420E-04
   59.5000  2.982725E-04
   59.6000  2.970120E-04
   59.7000  2.957638E-04
   59.8000  2.945243E-04
   59.9000  2.932959E-04
   60.0000  2.920770E-04
   60.1000  2.908680E-04
   60.2000  2.896696E-04
   60.3000  2.884807E-04
   60.4000  2.873011E-04
   60.5000  2.861311E-04
   60.6000  2.849724E-04
   60.7000  2.838217E-04
   60.8000  2.826803E-04
   60.9000  2.815479E-04
   61.0000  2.804255E-04
   61.1000  2.793120E-04
   61.2000  2.782074E-04
   61.3000  2.771125E-04
   61.4000  2.760242E-04
   61.5000  2.749477E-04
   61.6000  2.738777E-04
   61.7000  2.728182E-04
   61.8000  2.717661E-04
   61.9000  2.707234E-04
   62.0000  2.696878E-04
   62.1000  2.686605E-04
   62.2000  2.676423E-04
   62.3000  2.666324E-04
   62.4000  2.656294E-04
   62.5000  2.646362E-04
   62.6000  2.636501E-04
   62.7000  2.626717E-04
   62.8000  2.617022E-04
   62.9000  2.607383E-04
   63.0000  2.597841E-04
   63.1000  2.588365E-04
   63.2000  2.578975E-04
   63.3000  2.569649E-04
   63.4000  2.560407E-04
   63.5000  2.551229E-04
   63.6000  2.542124E-04
   63.7000  2.533102E-04
   63.8000  2.524142E-04
   63.9000  2.515253E-04
   64.0000  2.506445E-04
   64.1000  2.497698E-04
   64.2000  2.489030E-04
   64.3000  2.480413E-04
   64.4000  2.471884E-04
   64.5000  2.463413E-04
   64.6000  2.455020E-04
   64.7000  2.446685E-04
   64.8000  2.438406E-04
   64.9000  2.430204E-04
   65.0000  2.422069E-04
   65.1000  2.413989E-04
   65.2000  2.405974E-04
   65.3000  2.398033E-04
   65.4000  2.390147E-04
   65.5000  2.382325E-04
   65.6000  2.374565E-04
   65.7000  2.366859E-04
   65.8000  2.359225E-04
   65.9000  2.351653E-04
   66.0000  2.344133E-04
   66.1000  2.336665E-04
   66.2000  2.329276E-04
   66.3000  2.321928E-04
   66.4000  2.314650E-04
   66.5000  2.307422E-04
   66.6000  2.300262E-04
   66.7000  2.293143E-04
   66.8000  2.286091E-04
   66.9000  2.279087E-04
   67.0000  2.272151E-04
   67.1000  2.265253E-04
   67.2000  2.258420E-04
   67.3000  2.251645E-04
   67.4000  2.244916E-04
   67.5000  2.238234E-04
   67.6000  2.231616E-04
   67.7000  2.225053E-04
   67.8000  2.218526E-04
   67.9000  2.212072E-04
   68.0000  2.205654E-04
   68.1000  2.199289E-04
   68.2000  2.192977E-04
   68.3000  2.186718E-04
   68.4000  2.180503E-04
   68.5000  2.174340E-04
   68.6000  2.168229E-04
   68.7000  2.162160E-04
   68.8000  2.156135E-04
   68.9000  2.150177E-04
   69.0000  2.144244E-04
   69.1000  2.138379E-04
   69.2000  2.132546E-04
   69.3000  2.126754E-04
   69.4000  2.121029E-04
   69.5000  2.115344E-04
   69.6000  2.109700E-04
   69.7000  2.104095E-04
   69.8000  2.098538E-04
   69.9000  2.093030E-04
   70.0000  2.087569E-04
   70.1000  2.082147E-04
   70.2000  2.076763E-04
   70.3000  2.071427E-04
   70.4000  2.066145E-04
   70.5000  2.060893E-04
   70.6000  2.055687E-04
   70.7000  2.050527E-04
   70.8000  2.045403E-04
   70.9000  2.040325E-04
   71.0000  2.035284E-04
   71.1000  2.030279E-04
   71.2000  2.025327E-04
   71.3000  2.020410E-04
   71.4000  2.015529E-04
   71.5000  2.010692E-04
   71.6000  2.005899E-04
   71.7000  2.001141E-04
   71.8000  1.996417E-04
   71.9000  1.991745E-04
   72.0000  1.987098E-04
   72.1000  1.982495E-04
   72.2000  1.977924E-04
   72.3000  1.973405E-04
   72.4000  1.968910E-04
   72.5000  1.964457E-04
   72.6000  1.960046E-04
   72.7000  1.955667E-04
   72.8000  1.951321E-04
   72.9000  1.947024E-04
   73.0000  1.942751E-04
   73.1000  1.938518E-04
   73.2000  1.934325E-04
   73.3000  1.930156E-04
   73.4000  1.926035E-04
   73.5000  1.921945E-04
   73.6000  1.917886E-04
   73.7000  1.913859E-04
   73.8000  1.909870E-04
   73.9000  1.905920E-04
   74.0000  1.902001E-04
   74.1000  1.898120E-04
   74.2000  1.894261E-04
   74.3000  1.890448E-04
   74.4000  1.886657E-04
   74.5000  1.882904E-04
   74.6000  1.879188E-04
   74.7000  1.875501E-04
   74.8000  1.871844E-04
   74.9000  1.868223E-04
   75.0000  1.864632E-04
   75.1000  1.861077E-04
   75.2000  1.857551E-04
   75.3000  1.854053E-04
   75.4000  1.850591E-04
   75.5000  1.847158E-04
   75.6000  1.843752E-04
   75.7000  1.840390E-04
   75.8000  1.837041E-04
   75.9000  1.833734E-04
   76.0000  1.830454E-04
   76.1000  1.827202E-04
   76.2000  1.823985E-04
   76.3000  1.820803E-04
   76.4000  1.817640E-04
   76.5000  1.814511E-04
   76.6000  1.811417E-04
   76.7000  1.808333E-04
   76.8000  1.805292E-04
   76.9000  1.802285E-04
   77.0000  1.799296E-04
   77.1000  1.796340E-04
   77.2000  1.793418E-04
   77.3000  1.790515E-04
   77.4000  1.787644E-04
   77.5000  1.784799E-04
   77.6000  1.781987E-04
   77.7000  1.779193E-04
   77.8000  1.776439E-04
   77.9000  1.773703E-04
   78.0000  1.770999E-04
   78.1000  1.768320E-04
   78.2000  1.765674E-04
   78.3000  1.763044E-04
   78.4000  1.760454E-04
   78.5000  1.757881E-04
   78.6000  1.755340E-04
   78.7000  1.752816E-04
   78.8000  1.750330E-04
   78.9000  1.747869E-04
   79.0000  1.745432E-04
   79.1000  1.743011E-04
   79.2000  1.740628E-04
   79.3000  1.738270E-04
   79.4000  1.735934E-04
   79.5000  1.733630E-04
   79.6000  1.731342E-04
   79.7000  1.729084E-04
   79.8000  1.726842E-04
   79.9000  1.724638E-04
   80.0000  1.722457E-04
   80.1000  1.720299E-04
   80.2000  1.718164E-04
   80.3000  1.716059E-04
   80.4000  1.713977E-04
   80.5000  1.711909E-04
   80.6000  1.709880E-04
   80.7000  1.707864E-04
   80.8000  1.705879E-04
   80.9000  1.703917E-04
   81.0000  1.701983E-04
   81.1000  1.700064E-04
   81.2000  1.698175E-04
   81.3000  1.696308E-04
   81.4000  1.694470E-04
   81.5000  1.692646E-04
   81.6000  1.690852E-04
   81.7000  1.689079E-04
   81.8000  1.687328E-04
   81.9000  1.685605E-04
   82.0000  1.683905E-04
   82.1000  1.682225E-04
   82.2000  1.680567E-04
   82.3000  1.678930E-04
   82.4000  1.677322E-04
   82.5000  1.675735E-04
   82.6000  1.674169E-04
   82.7000  1.672631E-04
   82.8000  1.671107E-04
   82.9000  1.669611E-04
   83.0000  1.668137E-04
   83.1000  1.666682E-04
   83.2000  1.665256E-04
   83.3000  1.663851E-04
   83.4000  1.662466E-04
   83.5000  1.661102E-04
   83.6000  1.659758E-04
   83.7000  1.658435E-04
   83.8000  1.657140E-04
   83.9000  1.655864E-04
   84.0000  1.654616E-04
   84.1000  1.653382E-04
   84.2000  1.652168E-04
   84.3000  1.650988E-04
   84.4000  1.649814E-04
   84.5000  1.648668E-04
   84.6000  1.647549E-04
   84.7000  1.646449E-04
   84.8000  1.645370E-04
   84.9000  1.644311E-04
   85.0000  1.643271E-04
   85.1000  1.642252E-04
   85.2000  1.641259E-04
   85.3000  1.640286E-04
   85.4000  1.639333E-04
   85.5000  1.638400E-04
   85.6000  1.637487E-04
   85.7000  1.636600E-04
   85.8000  1.635732E-04
   85.9000  1.634885E-04
   86.0000  1.634057E-04
   86.1000  1.633256E-04
   86.2000  1.632466E-04
   86.3000  1.631704E-04
   86.4000  1.630961E-04
   86.5000  1.630238E-04
   86.6000  1.629541E-04
   86.7000  1.628856E-04
   86.8000  1.628197E-04
   86.9000  1.627551E-04
   87.0000  1.626931E-04
   87.1000  1.626338E-04
   87.2000  1.625757E-04
   87.3000  1.625202E-04
   87.4000  1.624659E-04
   87.5000  1.624150E-04
   87.6000  1.623652E-04
   87.7000  1.623174E-04
   87.8000  1.622722E-04
   87.9000  1.622282E-04
   88.0000  1.621868E-04
   88.1000  1.621481E-04
   88.2000  1.621104E-04
   88.3000  1.620748E-04
   88.4000  1.620410E-04
   88.5000  1.620106E-04
   88.6000  1.619813E-04
   88.7000  1.619540E-04
   88.8000  1.619285E-04
   88.9000  1.619050E-04
   89.0000  1.618841E-04
   89.1000  1.618650E-04
   89.2000  1.618478E-04
   89.3000  1.618326E-04
   89.4000  1.618192E-04
   89.5000  1.618084E-04
   89.6000  1.617996E-04
   89.7000  1.617919E-04
   89.8000  1.617875E-04
   89.9000  1.617843E-04
   90.0000  1.617830E-04