   0.000000  1.00000
   0.100000  0.979778
   0.200000  0.959957
   0.300000  0.940523
   0.400000  0.921461
   0.500000  0.902756
   0.600000  0.884397
   0.700000  0.866371
   0.800000  0.848665
   0.900000  0.831269
   1.00000  0.814171
   1.10000  0.797362
   1.20000  0.780831
   1.30000  0.764569
   1.40000  0.748567
   1.50000  0.732817
   1.60000  0.717311
   1.70000  0.702040
   1.80000  0.686998
   1.90000  0.672176
   2.00000  0.657570
   2.10000  0.643172
   2.20000  0.628976
   2.30000  0.614976
   2.40000  0.601168
   2.50000  0.587546
   2.60000  0.574104
   2.70000  0.560840
   2.80000  0.547747
   2.90000  0.534823
   3.00000  0.522063
   3.10000  0.509465
   3.20000  0.497024
   3.30000  0.484738
   3.40000  0.472605
   3.50000  0.460621
   3.60000  0.448785
   3.70000  0.437095
   3.80000  0.425549
   3.90000  0.414147
   4.00000  0.402886
   4.10000  0.391766
   4.20000  0.380788
   4.30000  0.369950
   4.40000  0.359252
   4.50000  0.348696
   4.60000  0.338282
   4.70000  0.328010
   4.80000  0.317883
   4.90000  0.307901
   5.00000  0.298067
   5.10000  0.288384
   5.20000  0.278852
   5.30000  0.269475
   5.40000  0.260257
   5.50000  0.251199
   5.60000  0.242306
   5.70000  0.233581
   5.80000  0.225028
   5.90000  0.216651
   6.00000  0.208452
   6.10000  0.200437
   6.20000  0.192609
   6.30000  0.184972
   6.40000  0.177529
   6.50000  0.170284
   6.60000  0.163239
   6.70000  0.156397
   6.80000  0.149761
   6.90000  0.143333
   7.00000  0.137113
   7.10000  0.131103
   7.20000  0.125302
   7.30000  0.119711
   7.40000  0.114329
   7.50000  0.109154
   7.60000  0.104183
   7.70000  9.941500E-02
   7.80000  9.484587E-02
   7.90000  9.047192E-02
   8.00000  8.628897E-02
   8.10000  8.229241E-02
   8.20000  7.847714E-02
   8.30000  7.483802E-02
   8.40000  7.136936E-02
   8.50000  6.806538E-02
   8.60000  6.492013E-02
   8.70000  6.192774E-02
   8.80000  5.908191E-02
   8.90000  5.637667E-02
   9.00000  5.380598E-02
   9.10000  5.136381E-02
   9.20000  4.904430E-02
   9.30000  4.684165E-02
   9.40000  4.475027E-02
   9.50000  4.276471E-02
   9.60000  4.087962E-02
   9.70000  3.908995E-02
   9.80000  3.739079E-02
   9.90000  3.577742E-02
   10.0000  3.424536E-02
   10.1000  3.279030E-02
   10.2000  3.140815E-02
   10.3000  3.009496E-02
   10.4000  2.884706E-02
   10.5000  2.766093E-02
   10.6000  2.653319E-02
   10.7000  2.546073E-02
   10.8000  2.444050E-02
   10.9000  2.346971E-02
   11.0000  2.254565E-02
   11.1000  2.166582E-02
   11.2000  2.082782E-02
   11.3000  2.002940E-02
   11.4000  1.926844E-02
   11.5000  1.854293E-02
   11.6000  1.785096E-02
   11.7000  1.719079E-02
   11.8000  1.656071E-02
   11.9000  1.595914E-02
   12.0000  1.538459E-02
   12.1000  1.483565E-02
   12.2000  1.431102E-02
   12.3000  1.380941E-02
   12.4000  1.332964E-02
   12.5000  1.287063E-02
   12.6000  1.243131E-02
   12.7000  1.201069E-02
   12.8000  1.160781E-02
   12.9000  1.122184E-02
   13.0000  1.085191E-02
   13.1000  1.049725E-02
   13.2000  1.015710E-02
   13.3000  9.830768E-03
   13.4000  9.517590E-03
   13.5000  9.216932E-03
   13.6000  8.928208E-03
   13.7000  8.650845E-03
   13.8000  8.384321E-03
   13.9000  8.128130E-03
   14.0000  7.881797E-03
   14.1000  7.644867E-03
   14.2000  7.416920E-03
   14.3000  7.197543E-03
   14.4000  6.986345E-03
   14.5000  6.782977E-03
   14.6000  6.587082E-03
   14.7000  6.398337E-03
   14.8000  6.216426E-03
   14.9000  6.041048E-03
   15.0000  5.871942E-03
   15.1000  5.708818E-03
   15.2000  5.551433E-03
   15.3000  5.399546E-03
   15.4000  5.252917E-03
   15.5000  5.111340E-03
   15.6000  4.974597E-03
   15.7000  4.842497E-03
   15.8000  4.714847E-03
   15.9000  4.591464E-03
   16.0000  4.472177E-03
   16.1000  4.356833E-03
   16.2000  4.245261E-03
   16.3000  4.137324E-03
   16.4000  4.032871E-03
   16.5000  3.931773E-03
   16.6000  3.833899E-03
   16.7000  3.739124E-03
   16.8000  3.647330E-03
   16.9000  3.558404E-03
   17.0000  3.472244E-03
   17.1000  3.388731E-03
   17.2000  3.307787E-03
   17.3000  3.229297E-03
   17.4000  3.153185E-03
   17.5000  3.079360E-03
   17.6000  3.007739E-03
   17.7000  2.938241E-03
   17.8000  2.870796E-03
   17.9000  2.805325E-03
   18.0000  2.741762E-03
   18.1000  2.680032E-03
   18.2000  2.620080E-03
   18.3000  2.561844E-03
   18.4000  2.505261E-03
   18.5000  2.450275E-03
   18.6000  2.396831E-03
   18.7000  2.344877E-03
   18.8000  2.294366E-03
   18.9000  2.245250E-03
   19.0000  2.197476E-03
   19.1000  2.151003E-03
   19.2000  2.105789E-03
   19.3000  2.061793E-03
   19.4000  2.018976E-03
   19.5000  1.977297E-03
   19.6000  1.936723E-03
   19.7000  1.897215E-03
   19.8000  1.858740E-03
   19.9000  1.821267E-03
   20.0000  1.784764E-03
   20.1000  1.749201E-03
   20.2000  1.714546E-03
   20.3000  1.680773E-03
   20.4000  1.647853E-03
   20.5000  1.615764E-03
   20.6000  1.584480E-03
   20.7000  1.553974E-03
   20.8000  1.524219E-03
   20.9000  1.495202E-03
   21.0000  1.466892E-03
   21.1000  1.439274E-03
   21.2000  1.412324E-03
   21.3000  1.386025E-03
   21.4000  1.360359E-03
   21.5000  1.335305E-03
   21.6000  1.310843E-03
   21.7000  1.286962E-03
   21.8000  1.263640E-03
   21.9000  1.240861E-03
   22.0000  1.218616E-03
   22.1000  1.196884E-03
   22.2000  1.175653E-03
   22.3000  1.154909E-03
   22.4000  1.134638E-03
   22.5000  1.114825E-03
   22.6000  1.095462E-03
   22.7000  1.076531E-03
   22.8000  1.058027E-03
   22.9000  1.039930E-03
   23.0000  1.022237E-03
   23.1000  1.004932E-03
   23.2000  9.880083E-04
   23.3000  9.714522E-04
   23.4000  9.552565E-04
   23.5000  9.394120E-04
   23.6000  9.239074E-04
   23.7000  9.087349E-04
   23.8000  8.938849E-04
   23.9000  8.793516E-04
   24.0000  8.651222E-04
   24.1000  8.511948E-04
   24.2000  8.375577E-04
   24.3000  8.242056E-04
   24.4000  8.111300E-04
   24.5000  7.983241E-04
   24.6000  7.857800E-04
   24.7000  7.734927E-04
   24.8000  7.614563E-04
   24.9000  7.496653E-04
   25.0000  7.381114E-04
   25.1000  7.267884E-04
   25.2000  7.156925E-04
   25.3000  7.048188E-04
   25.4000  6.941591E-04
   25.5000  6.837103E-04
   25.6000  6.734683E-04
   25.7000  6.634255E-04
   25.8000  6.535786E-04
   25.9000  6.439233E-04
   26.0000  6.344533E-04
   26.1000  6.251666E-04
   26.2000  6.160586E-04
   26.3000  6.071220E-04
   26.4000  5.983575E-04
   26.5000  5.897578E-04
   26.6000  5.813193E-04
   26.7000  5.730407E-04
   26.8000  5.649155E-04
   26.9000  5.569432E-04
   27.0000  5.491172E-04
   27.1000  5.414369E-04
   27.2000  5.338966E-04
   27.3000  5.264946E-04
   27.4000  5.192281E-04
   27.5000  5.120932E-04
   27.6000  5.050875E-04
   27.7000  4.982079E-04
   27.8000  4.914525E-04
   27.9000  4.848169E-04
   28.0000  4.782992E-04
   28.1000  4.718976E-04
   28.2000  4.656092E-04
   28.3000  4.594317E-04
   28.4000  4.533622E-04
   28.5000  4.473981E-04
   28.6000  4.415384E-04
   28.7000  4.357800E-04
   28.8000  4.301218E-04
   28.9000  4.245599E-04
   29.0000  4.190927E-04
   29.1000  4.137196E-04
   29.2000  4.084383E-04
   29.3000  4.032456E-04
   29.4000  3.981404E-04
   29.5000  3.931213E-04
   29.6000  3.881867E-04
   29.7000  3.833344E-04
   29.8000  3.785616E-04
   29.9000  3.738689E-04
   30.0000  3.692526E-04
   30.1000  3.647132E-04
   30.2000  3.602473E-04
   30.3000  3.558555E-04
   30.4000  3.515338E-04
   30.5000  3.472832E-04
   30.6000  3.431009E-04
   30.7000  3.389853E-04
   30.8000  3.349363E-04
   30.9000  3.309519E-04
   31.0000  3.270307E-04
   31.1000  3.231717E-04
   31.2000  3.193737E-04
   31.3000  3.156354E-04
   31.4000  3.119544E-04
   31.5000  3.083326E-04
   31.6000  3.047675E-04
   31.7000  3.012578E-04
   31.8000  2.978014E-04
   31.9000  2.943974E-04
   32.0000  2.910472E-04
   32.1000  2.877488E-04
   32.2000  2.844998E-04
   32.3000  2.812996E-04
   32.4000  2.781495E-04
   32.5000  2.750452E-04
   32.6000  2.719892E-04
   32.7000  2.689787E-04
   32.8000  2.660126E-04
   32.9000  2.630900E-04
   33.0000  2.602118E-04
   33.1000  2.573768E-04
   33.2000  2.545820E-04
   33.3000  2.518304E-04
   33.4000  2.491176E-04
   33.5000  2.464452E-04
   33.6000  2.438114E-04
   33.7000  2.412145E-04
   33.8000  2.386563E-04
   33.9000  2.361358E-04
   34.0000  2.336502E-04
   34.1000  2.312013E-04
   34.2000  2.287862E-04
   34.3000  2.264065E-04
   34.4000  2.240594E-04
   34.5000  2.217467E-04
   34.6000  2.194665E-04
   34.7000  2.172175E-04
   34.8000  2.150001E-04
   34.9000  2.128136E-04
   35.0000  2.106588E-04
   35.1000  2.085330E-04
   35.2000  2.064368E-04
   35.3000  2.043688E-04
   35.4000  2.023304E-04
   35.5000  2.003192E-04
   35.6000  1.983357E-04
   35.7000  1.963786E-04
   35.8000  1.944483E-04
   35.9000  1.925444E-04
   36.0000  1.906657E-04
   36.1000  1.888135E-04
   36.2000  1.869857E-04
   36.3000  1.851817E-04
   36.4000  1.834012E-04
   36.5000  1.816458E-04
   36.6000  1.799122E-04
   36.7000  1.782029E-04
   36.8000  1.765149E-04
   36.9000  1.748503E-04
   37.0000  1.732072E-04
   37.1000  1.715842E-04
   37.2000  1.699828E-04
   37.3000  1.684039E-04
   37.4000  1.668439E-04
   37.5000  1.653039E-04
   37.6000  1.637842E-04
   37.7000  1.622847E-04
   37.8000  1.608032E-04
   37.9000  1.593404E-04
   38.0000  1.578968E-04
   38.1000  1.564713E-04
   38.2000  1.550645E-04
   38.3000  1.536745E-04
   38.4000  1.523025E-04
   38.5000  1.509476E-04
   38.6000  1.496094E-04
   38.7000  1.482880E-04
   38.8000  1.469836E-04
   38.9000  1.456944E-04
   39.0000  1.444220E-04
   39.1000  1.431644E-04
   39.2000  1.419230E-04
   39.3000  1.406959E-04
   39.4000  1.394846E-04
   39.5000  1.382881E-04
   39.6000  1.371053E-04
   39.7000  1.359377E-04
   39.8000  1.347842E-04
   39.9000  1.336438E-04
   40.0000  1.325179E-04
   40.1000  1.314049E-04
   40.2000  1.303053E-04
   40.3000  1.292195E-04
   40.4000  1.281460E-04
   40.5000  1.270853E-04
   40.6000  1.260366E-04
   40.7000  1.250010E-04
   40.8000  1.239777E-04
   40.9000  1.229659E-04
   41.0000  1.219660E-04
   41.1000  1.209780E-04
   41.2000  1.200015E-04
   41.3000  1.190360E-04
   41.4000  1.180816E-04
   41.5000  1.171386E-04
   41.6000  1.162072E-04
   41.7000  1.152854E-04
   41.8000  1.143744E-04
   41.9000  1.134739E-04
   42.0000  1.125832E-04
   42.1000  1.117029E-04
   42.2000  1.108328E-04
   42.3000  1.099721E-04
   42.4000  1.091213E-04
   42.5000  1.082804E-04
   42.6000  1.074484E-04
   42.7000  1.066261E-04
   42.8000  1.058132E-04
   42.9000  1.050090E-04
   43.0000  1.042140E-04
   43.1000  1.034274E-04
   43.2000  1.026492E-04
   43.3000  1.018804E-04
   43.4000  1.011198E-04
   43.5000  1.003672E-04
   43.6000  9.962312E-05
   43.7000  9.888690E-05
   43.8000  9.815895E-05
   43.9000  9.743864E-05
   44.0000  9.672647E-05
   44.1000  9.602170E-05
   44.2000  9.532483E-05
   44.3000  9.463522E-05
   44.4000  9.395333E-05
   44.5000  9.327854E-05
   44.6000  9.261066E-05
   44.7000  9.195024E-05
   44.8000  9.129664E-05
   44.9000  9.065026E-05
   45.0000  9.001056E-05
   45.1000  8.937791E-05
   45.2000  8.875119E-05
   45.3000  8.813142E-05
   45.4000  8.751792E-05
   45.5000  8.691121E-05
   45.6000  8.631065E-05
   45.7000  8.571616E-05
   45.8000  8.512823E-05
   45.9000  8.454567E-05
   46.0000  8.397004E-05
   46.1000  8.340015E-05
   46.2000  8.283604E-05
   46.3000  8.227754E-05
   46.4000  8.172459E-05
   46.5000  8.117774E-05
   46.6000  8.063630E-05
   46.7000  8.010020E-05
   46.8000  7.956949E-05
   46.9000  7.904453E-05
   47.0000  7.852420E-05
   47.1000  7.801007E-05
   47.2000  7.750050E-05
   47.3000  7.699641E-05
   47.4000  7.649631E-05
   47.5000  7.600206E-05
   47.6000  7.551269E-05
   47.7000  7.502857E-05
   47.8000  7.454870E-05
   47.9000  7.407348E-05
   48.0000  7.360341E-05
   48.1000  7.313741E-05
   48.2000  7.267640E-05
   48.3000  7.221985E-05
   48.4000  7.176770E-05
   48.5000  7.132041E-05
   48.6000  7.087695E-05
   48.7000  7.043777E-05
   48.8000  7.000326E-05
   48.9000  6.957247E-05
   49.0000  6.914626E-05
   49.1000  6.872366E-05
   49.2000  6.830558E-05
   49.3000  6.789146E-05
   49.4000  6.748130E-05
   49.5000  6.707504E-05
   49.6000  6.667261E-05
   49.7000  6.627405E-05
   49.8000  6.587925E-05
   49.9000  6.548860E-05
   50.0000  6.510079E-05
   50.1000  6.471749E-05
   50.2000  6.433738E-05
   50.3000  6.396086E-05
   50.4000  6.358785E-05
   50.5000  6.321877E-05
   50.6000  6.285273E-05
   50.7000  6.249013E-05
   50.8000  6.213091E-05
   50.9000  6.177503E-05
   51.0000  6.142206E-05
   51.1000  6.107321E-05
   51.2000  6.072761E-05
   51.3000  6.038439E-05
   51.4000  6.004475E-05
   51.5000  5.970831E-05
   51.6000  5.937454E-05
   51.7000  5.904425E-05
   51.8000  5.871665E-05
   51.9000  5.839282E-05
   52.0000  5.807081E-05
   52.1000  5.775214E-05
   52.2000  5.743681E-05
   52.3000  5.712398E-05
   52.4000  5.681441E-05
   52.5000  5.650688E-05
   52.6000  5.620257E-05
   52.7000  5.590104E-05
   52.8000  5.560189E-05
   52.9000  5.530584E-05
   53.0000  5.501211E-05
   53.1000  5.472142E-05
   53.2000  5.443301E-05
   53.3000  5.414686E-05
   53.4000  5.386365E-05
   53.5000  5.358304E-05
   53.6000  5.330459E-05
   53.7000  5.302864E-05
   53.8000  5.275558E-05
   53.9000  5.248460E-05
   54.0000  5.221608E-05
   54.1000  5.194960E-05
   54.2000  5.168553E-05
   54.3000  5.142421E-05
   54.4000  5.116488E-05
   54.5000  5.090787E-05
   54.6000  5.065280E-05
   54.7000  5.040040E-05
   54.8000  5.014989E-05
   54.9000  4.990163E-05
   55.0000  4.965560E-05
   55.1000  4.941176E-05
   55.2000  4.916976E-05
   55.3000  4.892992E-05
   55.4000  4.869222E-05
   55.5000  4.845662E-05
   55.6000  4.822279E-05
   55.7000  4.799139E-05
   55.8000  4.776171E-05
   55.9000  4.753372E-05
   56.0000  4.730810E-05
   56.1000  4.708415E-05
   56.2000  4.686219E-05
   56.3000  4.664220E-05
   56.4000  4.642381E-05
   56.5000  4.620772E-05
   56.6000  4.599284E-05
   56.7000  4.577989E-05
   56.8000  4.556914E-05
   56.9000  4.535994E-05
   57.0000  4.515290E-05
   57.1000  4.494673E-05
   57.2000  4.474302E-05
   57.3000  4.454079E-05
   57.4000  4.434001E-05
   57.5000  4.414132E-05
   57.6000  4.394407E-05
   57.7000  4.374823E-05
   57.8000  4.355444E-05
   57.9000  4.336204E-05
   58.0000  4.317133E-05
   58.1000  4.298198E-05
   58.2000  4.279431E-05
   58.3000  4.260796E-05
   58.4000  4.242388E-05
   58.5000  4.224079E-05
   58.6000  4.205900E-05
   58.7000  4.187881E-05
   58.8000  4.170051E-05
   58.9000  4.152347E-05
   59.0000  4.134768E-05
   59.1000  4.117343E-05
   59.2000  4.100069E-05
   59.3000  4.082918E-05
   59.4000  4.065919E-05
   59.5000  4.049066E-05
   59.6000  4.032332E-05
   59.7000  4.015745E-05
   59.8000  3.999304E-05
   59.9000  3.982977E-05
   60.0000  3.966792E-05
   60.1000  3.950720E-05
   60.2000  3.934790E-05
   60.3000  3.919000E-05
   60.4000  3.903316E-05
   60.5000  3.887772E-05
   60.6000  3.872335E-05
   60.7000  3.857061E-05
   60.8000  3.841894E-05
   60.9000  3.826800E-05
   61.0000  3.811899E-05
   61.1000  3.797069E-05
   61.2000  3.782399E-05
   61.3000  3.767800E-05
   61.4000  3.753329E-05
   61.5000  3.738985E-05
   61.6000  3.724739E-05
   61.7000  3.710648E-05
   61.8000  3.696650E-05
   61.9000  3.682749E-05
   62.0000  3.668969E-05
   62.1000  3.655282E-05
   62.2000  3.641716E-05
   62.3000  3.628271E-05
   62.4000  3.614887E-05
   62.5000  3.601650E-05
   62.6000  3.588529E-05
   62.7000  3.575468E-05
   62.8000  3.562524E-05
   62.9000  3.549693E-05
   63.0000  3.536948E-05
   63.1000  3.524316E-05
   63.2000  3.511796E-05
   63.3000  3.499359E-05
   63.4000  3.487033E-05
   63.5000  3.474816E-05
   63.6000  3.462654E-05
   63.7000  3.450599E-05
   63.8000  3.438651E-05
   63.9000  3.426783E-05
   64.0000  3.415047E-05
   64.1000  3.403363E-05
   64.2000  3.391782E-05
   64.3000  3.380278E-05
   64.4000  3.368878E-05
   64.5000  3.357578E-05
   64.6000  3.346354E-05
   64.7000  3.335203E-05
   64.8000  3.324152E-05
   64.9000  3.313174E-05
   65.0000  3.302322E-05
   65.1000  3.291540E-05
   65.2000  3.280804E-05
   65.3000  3.270190E-05
   65.4000  3.259671E-05
   65.5000  3.249197E-05
   65.6000  3.238816E-05
   65.7000  3.228530E-05
   65.8000  3.218311E-05
   65.9000  3.208185E-05
   66.0000  3.198125E-05
   66.1000  3.188156E-05
   66.2000  3.178254E-05
   66.3000  3.168415E-05
   66.4000  3.158691E-05
   66.5000  3.149006E-05
   66.6000  3.139435E-05
   66.7000  3.129902E-05
   66.8000  3.120456E-05
   66.9000  3.111072E-05
   67.0000  3.101773E-05
   67.1000  3.092560E-05
   67.2000  3.083408E-05
   67.3000  3.074340E-05
   67.4000  3.065331E-05
   67.5000  3.056383E-05
   67.6000  3.047515E-05
   67.7000  3.038707E-05
   67.8000  3.029980E-05
   67.9000  3.021311E-05
   68.0000  3.012746E-05
   68.1000  3.004214E-05
   68.2000  2.995737E-05
   68.3000  2.987363E-05
   68.4000  2.979021E-05
   68.5000  2.970758E-05
   68.6000  2.962548E-05
   68.7000  2.954415E-05
   68.8000  2.946361E-05
   68.9000  2.938358E-05
   69.0000  2.930409E-05
   69.1000  2.922535E-05
   69.2000  2.914712E-05
   69.3000  2.906964E-05
   69.4000  2.899267E-05
   69.5000  2.891644E-05
   69.6000  2.884073E-05
   69.7000  2.876549E-05
   69.8000  2.869099E-05
   69.9000  2.861697E-05
   70.0000  2.854368E-05
   70.1000  2.847088E-05
   70.2000  2.839877E-05
   70.3000  2.832716E-05
   70.4000  2.825600E-05
   70.5000  2.818579E-05
   70.6000  2.811580E-05
   70.7000  2.804628E-05
   70.8000  2.797768E-05
   70.9000  2.790953E-05
   71.0000  2.784184E-05
   71.1000  2.777459E-05
   71.2000  2.770801E-05
   71.3000  2.764188E-05
   71.4000  2.757641E-05
   71.5000  2.751139E-05
   71.6000  2.744702E-05
   71.7000  2.738331E-05
   71.8000  2.731957E-05
   71.9000  2.725694E-05
   72.0000  2.719450E-05
   72.1000  2.713249E-05
   72.2000  2.707110E-05
   72.3000  2.701036E-05
   72.4000  2.695002E-05
   72.5000  2.689010E-05
   72.6000  2.683080E-05
   72.7000  2.677190E-05
   72.8000  2.671362E-05
   72.9000  2.665552E-05
   73.0000  2.659826E-05
   73.1000  2.654117E-05
   73.2000  2.648490E-05
   73.3000  2.642880E-05
   73.4000  2.637352E-05
   73.5000  2.631841E-05
   73.6000  2.626389E-05
   73.7000  2.620975E-05
   73.8000  2.615598E-05
   73.9000  2.610281E-05
   74.0000  2.605000E-05
   74.1000  2.599799E-05
   74.2000  2.594591E-05
   74.3000  2.589463E-05
   74.4000  2.584371E-05
   74.5000  2.579315E-05
   74.6000  2.574316E-05
   74.7000  2.569352E-05
   74.8000  2.564444E-05
   74.9000  2.559550E-05
   75.0000  2.554734E-05
   75.1000  2.549930E-05
   75.2000  2.545204E-05
   75.3000  2.540490E-05
   75.4000  2.535810E-05
   75.5000  2.531186E-05
   75.6000  2.526616E-05
   75.7000  2.522078E-05
   75.8000  2.517575E-05
   75.9000  2.513124E-05
   76.0000  2.508708E-05
   76.1000  2.504323E-05
   76.2000  2.499991E-05
   76.3000  2.495692E-05
   76.4000  2.491446E-05
   76.5000  2.487232E-05
   76.6000  2.483049E-05
   76.7000  2.478917E-05
   76.8000  2.474818E-05
   76.9000  2.470751E-05
   77.0000  2.466734E-05
   77.1000  2.462748E-05
   77.2000  2.458813E-05
   77.3000  2.454909E-05
   77.4000  2.451014E-05
   77.5000  2.447191E-05
   77.6000  2.443397E-05
   77.7000  2.439634E-05
   77.8000  2.435921E-05
   77.9000  2.432236E-05
   78.0000  2.428582E-05
   78.1000  2.424998E-05
   78.2000  2.421422E-05
   78.3000  2.417854E-05
   78.4000  2.414377E-05
   78.5000  2.410907E-05
   78.6000  2.407487E-05
   78.7000  2.404074E-05
   78.8000  2.400730E-05
   78.9000  2.397415E-05
   79.0000  2.394127E-05
   79.1000  2.390867E-05
   79.2000  2.387634E-05
   79.3000  2.384470E-05
   79.4000  2.381312E-05
   79.5000  2.378202E-05
   79.6000  2.375120E-05
   79.7000  2.372084E-05
   79.8000  2.369055E-05
   79.9000  2.366093E-05
   80.0000  2.363137E-05
   80.1000  2.360228E-05
   80.2000  2.357346E-05
   80.3000  2.354510E-05
   80.4000  2.351699E-05
   80.5000  2.348915E-05
   80.6000  2.346177E-05
   80.7000  2.343444E-05
   80.8000  2.340777E-05
   80.9000  2.338117E-05
   81.0000  2.335501E-05
   81.1000  2.332931E-05
   81.2000  2.330366E-05
   81.3000  2.327846E-05
   81.4000  2.325371E-05
   81.5000  2.322921E-05
   81.6000  2.320496E-05
   81.7000  2.318096E-05
   81.8000  2.315740E-05
   81.9000  2.313409E-05
   82.0000  2.311123E-05
   82.1000  2.308840E-05
   82.2000  2.306622E-05
   82.3000  2.304408E-05
   82.4000  2.302219E-05
   82.5000  2.300073E-05
   82.6000  2.297971E-05
   82.7000  2.295912E-05
   82.8000  2.293839E-05
   82.9000  2.291827E-05
   83.0000  2.289821E-05
   83.1000  2.287857E-05
   83.2000  2.285937E-05
   83.3000  2.284059E-05
   83.4000  2.282165E-05
   83.5000  2.280335E-05
   83.6000  2.278508E-05
   83.7000  2.276743E-05
   83.8000  2.274982E-05
   83.9000  2.273263E-05
   84.0000  2.271567E-05
   84.1000  2.269914E-05
   84.2000  2.268264E-05
   84.3000  2.266676E-05
   84.4000  2.265110E-05
   84.5000  2.263548E-05
   84.6000  2.262027E-05
   84.7000  2.260529E-05
   84.8000  2.259093E-05
   84.9000  2.257660E-05
   85.0000  2.256268E-05
   85.1000  2.254879E-05
   85.2000  2.253532E-05
   85.3000  2.252227E-05
   85.4000  2.250943E-05
   85.5000  2.249682E-05
   85.6000  2.248443E-05
   85.7000  2.247246E-05
   85.8000  2.246069E-05
   85.9000  2.244935E-05
   86.0000  2.243803E-05
   86.1000  2.242712E-05
   86.2000  2.241663E-05
   86.3000  2.240634E-05
   86.4000  2.239628E-05
   86.5000  2.238663E-05
   86.6000  2.237701E-05
   86.7000  2.236798E-05
   86.8000  2.235897E-05
   86.9000  2.235019E-05
   87.0000  2.234181E-05
   87.1000  2.233383E-05
   87.2000  2.232588E-05
   87.3000  2.231853E-05
   87.4000  2.231120E-05
   87.5000  2.230427E-05
   87.6000  2.229756E-05
   87.7000  2.229107E-05
   87.8000  2.228497E-05
   87.9000  2.227909E-05
   88.0000  2.227362E-05
   88.1000  2.226816E-05
   88.2000  2.226311E-05
   88.3000  2.225847E-05
   88.4000  2.225384E-05
   88.5000  2.224961E-05
   88.6000  2.224560E-05
   88.7000  2.224199E-05
   88.8000  2.223859E-05
   88.9000  2.223541E-05
   89.0000  2.223262E-05
   89.1000  2.223005E-05
   89.2000  2.222768E-05
   89.3000  2.222553E-05
   89.4000  2.222378E-05
   89.5000  2.222224E-05
   89.6000  2.222111E-05
   89.7000  2.222018E-05
   89.8000  2.221946E-05
   89.9000  2.221895E-05
   90.0000  2.221885E-05