   0.000000  1.00000
   0.100000  0.998914
   0.200000  0.997829
   0.300000  0.996745
   0.400000  0.995662
   0.500000  0.994580
   0.600000  0.993499
   0.700000  0.992419
   0.800000  0.991339
   0.900000  0.990259
   1.00000  0.989180
   1.10000  0.988102
   1.20000  0.987024
   1.30000  0.985946
   1.40000  0.984868
   1.50000  0.983790
   1.60000  0.982713
   1.70000  0.981635
   1.80000  0.980557
   1.90000  0.979479
   2.00000  0.978400
   2.10000  0.977322
   2.20000  0.976242
   2.30000  0.975163
   2.40000  0.974082
   2.50000  0.973001
   2.60000  0.971919
   2.70000  0.970836
   2.80000  0.969752
   2.90000  0.968668
   3.00000  0.967582
   3.10000  0.966495
   3.20000  0.965407
   3.30000  0.964317
   3.40000  0.963226
   3.50000  0.962134
   3.60000  0.961040
   3.70000  0.959944
   3.80000  0.958846
   3.90000  0.957747
   4.00000  0.956645
   4.10000  0.955542
   4.20000  0.954436
   4.30000  0.953329
   4.40000  0.952219
   4.50000  0.951106
   4.60000  0.949991
   4.70000  0.948874
   4.80000  0.947753
   4.90000  0.946631
   5.00000  0.945504
   5.10000  0.944375
   5.20000  0.943243
   5.30000  0.942108
   5.40000  0.940970
   5.50000  0.939828
   5.60000  0.938683
   5.70000  0.937534
   5.80000  0.936382
   5.90000  0.935225
   6.00000  0.934065
   6.10000  0.932901
   6.20000  0.931732
   6.30000  0.930559
   6.40000  0.929382
   6.50000  0.928200
   6.60000  0.927014
   6.70000  0.925822
   6.80000  0.924627
   6.90000  0.923425
   7.00000  0.922219
   7.10000  0.921006
   7.20000  0.919790
   7.30000  0.918567
   7.40000  0.917339
   7.50000  0.916104
   7.60000  0.914864
   7.70000  0.913617
   7.80000  0.912364
   7.90000  0.911105
   8.00000  0.909839
   8.10000  0.908566
   8.20000  0.907285
   8.30000  0.905998
   8.40000  0.904703
   8.50000  0.903401
   8.60000  0.902091
   8.70000  0.900774
   8.80000  0.899447
   8.90000  0.898113
   9.00000  0.896770
   9.10000  0.895418
   9.20000  0.894057
   9.30000  0.892686
   9.40000  0.891306
   9.50000  0.889918
   9.60000  0.888518
   9.70000  0.887109
   9.80000  0.885689
   9.90000  0.884259
   10.0000  0.882817
   10.1000  0.881363
   10.2000  0.879899
   10.3000  0.878423
   10.4000  0.876935
   10.5000  0.875433
   10.6000  0.873919
   10.7000  0.872392
   10.8000  0.870852
   10.9000  0.869297
   11.0000  0.867728
   11.1000  0.866145
   11.2000  0.864546
   11.3000  0.862933
   11.4000  0.861303
   11.5000  0.859656
   11.6000  0.857993
   11.7000  0.856314
   11.8000  0.854616
   11.9000  0.852900
   12.0000  0.851166
   12.1000  0.849411
   12.2000  0.847638
   12.3000  0.845843
   12.4000  0.844028
   12.5000  0.842191
   12.6000  0.840332
   12.7000  0.838450
   12.8000  0.836544
   12.9000  0.834614
   13.0000  0.832659
   13.1000  0.830677
   13.2000  0.828668
   13.3000  0.826633
   13.4000  0.824568
   13.5000  0.822474
   13.6000  0.820349
   13.7000  0.818193
   13.8000  0.816004
   13.9000  0.813781
   14.0000  0.811524
   14.1000  0.809230
   14.2000  0.806899
   14.3000  0.804529
   14.4000  0.802118
   14.5000  0.799666
   14.6000  0.797171
   14.7000  0.794630
   14.8000  0.792043
   14.9000  0.789406
   15.0000  0.786720
   15.1000  0.783980
   15.2000  0.781186
   15.3000  0.778334
   15.4000  0.775423
   15.5000  0.772450
   15.6000  0.769412
   15.7000  0.766306
   15.8000  0.763129
   15.9000  0.759877
   16.0000  0.756549
   16.1000  0.753139
   16.2000  0.749643
   16.3000  0.746057
   16.4000  0.742378
   16.5000  0.738599
   16.6000  0.734716
   16.7000  0.730724
   16.8000  0.726615
   16.9000  0.722384
   17.0000  0.718024
   17.1000  0.713528
   17.2000  0.708887
   17.3000  0.704092
   17.4000  0.699134
   17.5000  0.694003
   17.6000  0.688689
   17.7000  0.683178
   17.8000  0.677459
   17.9000  0.671516
   18.0000  0.665336
   18.1000  0.658900
   18.2000  0.652192
   18.3000  0.645191
   18.4000  0.637877
   18.5000  0.630227
   18.6000  0.622215
   18.7000  0.613817
   18.8000  0.605003
   18.9000  0.595745
   19.0000  0.586012
   19.1000  0.575773
   19.2000  0.564996
   19.3000  0.553653
   19.4000  0.541716
   19.5000  0.529166
   19.6000  0.515991
   19.7000  0.502189
   19.8000  0.487778
   19.9000  0.472792
   20.0000  0.457292
   20.1000  0.441363
   20.2000  0.425113
   20.3000  0.408674
   20.4000  0.392189
   20.5000  0.375808
   20.6000  0.359674
   20.7000  0.343916
   20.8000  0.328642
   20.9000  0.313936
   21.0000  0.299856
   21.1000  0.286435
   21.2000  0.273690
   21.3000  0.261619
   21.4000  0.250210
   21.5000  0.239440
   21.6000  0.229282
   21.7000  0.219705
   21.8000  0.210677
   21.9000  0.202164
   22.0000  0.194135
   22.1000  0.186558
   22.2000  0.179402
   22.3000  0.172641
   22.4000  0.166246
   22.5000  0.160193
   22.6000  0.154459
   22.7000  0.149023
   22.8000  0.143864
   22.9000  0.138965
   23.0000  0.134309
   23.1000  0.129879
   23.2000  0.125661
   23.3000  0.121643
   23.4000  0.117811
   23.5000  0.114155
   23.6000  0.110663
   23.7000  0.107325
   23.8000  0.104134
   23.9000  0.101080
   24.0000  9.815501E-02
   24.1000  9.535250E-02
   24.2000  9.266531E-02
   24.3000  9.008733E-02
   24.4000  8.761257E-02
   24.5000  8.523557E-02
   24.6000  8.295120E-02
   24.7000  8.075467E-02
   24.8000  7.864150E-02
   24.9000  7.660766E-02
   25.0000  7.464899E-02
   25.1000  7.276186E-02
   25.2000  7.094290E-02
   25.3000  6.918873E-02
   25.4000  6.749653E-02
   25.5000  6.586310E-02
   25.6000  6.428602E-02
   25.7000  6.276263E-02
   25.8000  6.129052E-02
   25.9000  5.986742E-02
   26.0000  5.849106E-02
   26.1000  5.715960E-02
   26.2000  5.587109E-02
   26.3000  5.462366E-02
   26.4000  5.341561E-02
   26.5000  5.224530E-02
   26.6000  5.111117E-02
   26.7000  5.001179E-02
   26.8000  4.894577E-02
   26.9000  4.791177E-02
   27.0000  4.690850E-02
   27.1000  4.593485E-02
   27.2000  4.498959E-02
   27.3000  4.407169E-02
   27.4000  4.318010E-02
   27.5000  4.231389E-02
   27.6000  4.147202E-02
   27.7000  4.065369E-02
   27.8000  3.985799E-02
   27.9000  3.908414E-02
   28.0000  3.833133E-02
   28.1000  3.759885E-02
   28.2000  3.688595E-02
   28.3000  3.619199E-02
   28.4000  3.551630E-02
   28.5000  3.485825E-02
   28.6000  3.421725E-02
   28.7000  3.359274E-02
   28.8000  3.298415E-02
   28.9000  3.239097E-02
   29.0000  3.181270E-02
   29.1000  3.124882E-02
   29.2000  3.069892E-02
   29.3000  3.016252E-02
   29.4000  2.963921E-02
   29.5000  2.912856E-02
   29.6000  2.863017E-02
   29.7000  2.814369E-02
   29.8000  2.766872E-02
   29.9000  2.720498E-02
   30.0000  2.675203E-02
   30.1000  2.630961E-02
   30.2000  2.587737E-02
   30.3000  2.545506E-02
   30.4000  2.504232E-02
   30.5000  2.463894E-02
   30.6000  2.424463E-02
   30.7000  2.385904E-02
   30.8000  2.348206E-02
   30.9000  2.311336E-02
   31.0000  2.275272E-02
   31.1000  2.239994E-02
   31.2000  2.205477E-02
   31.3000  2.171700E-02
   31.4000  2.138645E-02
   31.5000  2.106291E-02
   31.6000  2.074620E-02
   31.7000  2.043612E-02
   31.8000  2.013249E-02
   31.9000  1.983516E-02
   32.0000  1.954394E-02
   32.1000  1.925869E-02
   32.2000  1.897924E-02
   32.3000  1.870546E-02
   32.4000  1.843716E-02
   32.5000  1.817425E-02
   32.6000  1.791654E-02
   32.7000  1.766396E-02
   32.8000  1.741632E-02
   32.9000  1.717353E-02
   33.0000  1.693550E-02
   33.1000  1.670204E-02
   33.2000  1.647309E-02
   33.3000  1.624852E-02
   33.4000  1.602821E-02
   33.5000  1.581209E-02
   33.6000  1.560003E-02
   33.7000  1.539195E-02
   33.8000  1.518776E-02
   33.9000  1.498735E-02
   34.0000  1.479064E-02
   34.1000  1.459754E-02
   34.2000  1.440798E-02
   34.3000  1.422184E-02
   34.4000  1.403908E-02
   34.5000  1.385962E-02
   34.6000  1.368335E-02
   34.7000  1.351024E-02
   34.8000  1.334021E-02
   34.9000  1.317316E-02
   35.0000  1.300904E-02
   35.1000  1.284781E-02
   35.2000  1.268937E-02
   35.3000  1.253368E-02
   35.4000  1.238067E-02
   35.5000  1.223029E-02
   35.6000  1.208248E-02
   35.7000  1.193717E-02
   35.8000  1.179433E-02
   35.9000  1.165388E-02
   36.0000  1.151579E-02
   36.1000  1.138001E-02
   36.2000  1.124649E-02
   36.3000  1.111517E-02
   36.4000  1.098600E-02
   36.5000  1.085897E-02
   36.6000  1.073401E-02
   36.7000  1.061107E-02
   36.8000  1.049012E-02
   36.9000  1.037113E-02
   37.0000  1.025403E-02
   37.1000  1.013881E-02
   37.2000  1.002541E-02
   37.3000  9.913828E-03
   37.4000  9.803993E-03
   37.5000  9.695884E-03
   37.6000  9.589461E-03
   37.7000  9.484707E-03
   37.8000  9.381560E-03
   37.9000  9.280013E-03
   38.0000  9.180035E-03
   38.1000  9.081573E-03
   38.2000  8.984616E-03
   38.3000  8.889146E-03
   38.4000  8.795107E-03
   38.5000  8.702490E-03
   38.6000  8.611265E-03
   38.7000  8.521396E-03
   38.8000  8.432876E-03
   38.9000  8.345655E-03
   39.0000  8.259745E-03
   39.1000  8.175078E-03
   39.2000  8.091658E-03
   39.3000  8.009457E-03
   39.4000  7.928454E-03
   39.5000  7.848630E-03
   39.6000  7.769945E-03
   39.7000  7.692395E-03
   39.8000  7.615960E-03
   39.9000  7.540624E-03
   40.0000  7.466347E-03
   40.1000  7.393126E-03
   40.2000  7.320937E-03
   40.3000  7.249768E-03
   40.4000  7.179589E-03
   40.5000  7.110386E-03
   40.6000  7.042159E-03
   40.7000  6.974868E-03
   40.8000  6.908517E-03
   40.9000  6.843065E-03
   41.0000  6.778518E-03
   41.1000  6.714850E-03
   41.2000  6.652051E-03
   41.3000  6.590109E-03
   41.4000  6.528990E-03
   41.5000  6.468703E-03
   41.6000  6.409226E-03
   41.7000  6.350540E-03
   41.8000  6.292642E-03
   41.9000  6.235517E-03
   42.0000  6.179133E-03
   42.1000  6.123504E-03
   42.2000  6.068602E-03
   42.3000  6.014424E-03
   42.4000  5.960944E-03
   42.5000  5.908171E-03
   42.6000  5.856072E-03
   42.7000  5.804656E-03
   42.8000  5.753898E-03
   42.9000  5.703790E-03
   43.0000  5.654331E-03
   43.1000  5.605499E-03
   43.2000  5.557283E-03
   43.3000  5.509692E-03
   43.4000  5.462683E-03
   43.5000  5.416275E-03
   43.6000  5.370450E-03
   43.7000  5.325195E-03
   43.8000  5.280516E-03
   43.9000  5.236381E-03
   44.0000  5.192794E-03
   44.1000  5.149745E-03
   44.2000  5.107228E-03
   44.3000  5.065235E-03
   44.4000  5.023760E-03
   44.5000  4.982783E-03
   44.6000  4.942301E-03
   44.7000  4.902320E-03
   44.8000  4.862821E-03
   44.9000  4.823793E-03
   45.0000  4.785232E-03
   45.1000  4.747136E-03
   45.2000  4.709494E-03
   45.3000  4.672306E-03
   45.4000  4.635553E-03
   45.5000  4.599236E-03
   45.6000  4.563351E-03
   45.7000  4.527883E-03
   45.8000  4.492837E-03
   45.9000  4.458191E-03
   46.0000  4.423963E-03
   46.1000  4.390123E-03
   46.2000  4.356681E-03
   46.3000  4.323625E-03
   46.4000  4.290939E-03
   46.5000  4.258641E-03
   46.6000  4.226709E-03
   46.7000  4.195134E-03
   46.8000  4.163933E-03
   46.9000  4.133079E-03
   47.0000  4.102569E-03
   47.1000  4.072418E-03
   47.2000  4.042597E-03
   47.3000  4.013115E-03
   47.4000  3.983960E-03
   47.5000  3.955130E-03
   47.6000  3.926619E-03
   47.7000  3.898431E-03
   47.8000  3.870556E-03
   47.9000  3.842984E-03
   48.0000  3.815718E-03
   48.1000  3.788754E-03
   48.2000  3.762083E-03
   48.3000  3.735701E-03
   48.4000  3.709610E-03
   48.5000  3.683802E-03
   48.6000  3.658274E-03
   48.7000  3.633026E-03
   48.8000  3.608042E-03
   48.9000  3.583333E-03
   49.0000  3.558891E-03
   49.1000  3.534701E-03
   49.2000  3.510778E-03
   49.3000  3.487108E-03
   49.4000  3.463687E-03
   49.5000  3.440518E-03
   49.6000  3.417588E-03
   49.7000  3.394906E-03
   49.8000  3.372457E-03
   49.9000  3.350249E-03
   50.0000  3.328274E-03
   50.1000  3.306520E-03
   50.2000  3.285000E-03
   50.3000  3.263700E-03
   50.4000  3.242619E-03
   50.5000  3.221764E-03
   50.6000  3.201112E-03
   50.7000  3.180683E-03
   50.8000  3.160457E-03
   50.9000  3.140437E-03
   51.0000  3.120622E-03
   51.1000  3.101015E-03
   51.2000  3.081603E-03
   51.3000  3.062385E-03
   51.4000  3.043367E-03
   51.5000  3.024534E-03
   51.6000  3.005897E-03
   51.7000  2.987441E-03
   51.8000  2.969178E-03
   51.9000  2.951090E-03
   52.0000  2.933183E-03
   52.1000  2.915462E-03
   52.2000  2.897913E-03
   52.3000  2.880533E-03
   52.4000  2.863329E-03
   52.5000  2.846291E-03
   52.6000  2.829422E-03
   52.7000  2.812724E-03
   52.8000  2.796182E-03
   52.9000  2.779808E-03
   53.0000  2.763587E-03
   53.1000  2.747526E-03
   53.2000  2.731624E-03
   53.3000  2.715875E-03
   53.4000  2.700276E-03
   53.5000  2.684833E-03
   53.6000  2.669531E-03
   53.7000  2.654377E-03
   53.8000  2.639373E-03
   53.9000  2.624511E-03
   54.0000  2.609788E-03
   54.1000  2.595210E-03
   54.2000  2.580767E-03
   54.3000  2.566460E-03
   54.4000  2.552292E-03
   54.5000  2.538255E-03
   54.6000  2.524349E-03
   54.7000  2.510576E-03
   54.8000  2.496934E-03
   54.9000  2.483418E-03
   55.0000  2.470028E-03
   55.1000  2.456761E-03
   55.2000  2.443622E-03
   55.3000  2.430603E-03
   55.4000  2.417709E-03
   55.5000  2.404926E-03
   55.6000  2.392262E-03
   55.7000  2.379725E-03
   55.8000  2.367293E-03
   55.9000  2.354980E-03
   56.0000  2.342777E-03
   56.1000  2.330689E-03
   56.2000  2.318711E-03
   56.3000  2.306838E-03
   56.4000  2.295079E-03
   56.5000  2.283424E-03
   56.6000  2.271877E-03
   56.7000  2.260430E-03
   56.8000  2.249090E-03
   56.9000  2.237852E-03
   57.0000  2.226715E-03
   57.1000  2.215676E-03
   57.2000  2.204740E-03
   57.3000  2.193897E-03
   57.4000  2.183157E-03
   57.5000  2.172506E-03
   57.6000  2.161953E-03
   57.7000  2.151498E-03
   57.8000  2.141132E-03
   57.9000  2.130857E-03
   58.0000  2.120675E-03
   58.1000  2.110583E-03
   58.2000  2.100581E-03
   58.3000  2.090664E-03
   58.4000  2.080838E-03
   58.5000  2.071093E-03
   58.6000  2.061438E-03
   58.7000  2.051870E-03
   58.8000  2.042379E-03
   58.9000  2.032977E-03
   59.0000  2.023654E-03
   59.1000  2.014414E-03
   59.2000  2.005250E-03
   59.3000  1.996167E-03
   59.4000  1.987166E-03
   59.5000  1.978241E-03
   59.6000  1.969393E-03
   59.7000  1.960623E-03
   59.8000  1.951925E-03
   59.9000  1.943305E-03
   60.0000  1.934758E-03
   60.1000  1.926283E-03
   60.2000  1.917883E-03
   60.3000  1.909553E-03
   60.4000  1.901297E-03
   60.5000  1.893110E-03
   60.6000  1.884992E-03
   60.7000  1.876940E-03
   60.8000  1.868964E-03
   60.9000  1.861049E-03
   61.0000  1.853206E-03
   61.1000  1.845427E-03
   61.2000  1.837714E-03
   61.3000  1.830064E-03
   61.4000  1.822480E-03
   61.5000  1.814964E-03
   61.6000  1.807506E-03
   61.7000  1.800116E-03
   61.8000  1.792786E-03
   61.9000  1.785516E-03
   62.0000  1.778308E-03
   62.1000  1.771159E-03
   62.2000  1.764072E-03
   62.3000  1.757043E-03
   62.4000  1.750075E-03
   62.5000  1.743163E-03
   62.6000  1.736309E-03
   62.7000  1.729513E-03
   62.8000  1.722771E-03
   62.9000  1.716086E-03
   63.0000  1.709457E-03
   63.1000  1.702882E-03
   63.2000  1.696367E-03
   63.3000  1.689900E-03
   63.4000  1.683485E-03
   63.5000  1.677130E-03
   63.6000  1.670824E-03
   63.7000  1.664567E-03
   63.8000  1.658365E-03
   63.9000  1.652214E-03
   64.0000  1.646114E-03
   64.1000  1.640065E-03
   64.2000  1.634065E-03
   64.3000  1.628112E-03
   64.4000  1.622209E-03
   64.5000  1.616357E-03
   64.6000  1.610554E-03
   64.7000  1.604793E-03
   64.8000  1.599081E-03
   64.9000  1.593419E-03
   65.0000  1.587798E-03
   65.1000  1.582228E-03
   65.2000  1.576700E-03
   65.3000  1.571220E-03
   65.4000  1.565785E-03
   65.5000  1.560393E-03
   65.6000  1.555046E-03
   65.7000  1.549741E-03
   65.8000  1.544481E-03
   65.9000  1.539262E-03
   66.0000  1.534087E-03
   66.1000  1.528954E-03
   66.2000  1.523866E-03
   66.3000  1.518813E-03
   66.4000  1.513803E-03
   66.5000  1.508836E-03
   66.6000  1.503908E-03
   66.7000  1.499022E-03
   66.8000  1.494175E-03
   66.9000  1.489367E-03
   67.0000  1.484597E-03
   67.1000  1.479868E-03
   67.2000  1.475177E-03
   67.3000  1.470526E-03
   67.4000  1.465907E-03
   67.5000  1.461328E-03
   67.6000  1.456791E-03
   67.7000  1.452286E-03
   67.8000  1.447819E-03
   67.9000  1.443389E-03
   68.0000  1.438994E-03
   68.1000  1.434635E-03
   68.2000  1.430314E-03
   68.3000  1.426023E-03
   68.4000  1.421772E-03
   68.5000  1.417553E-03
   68.6000  1.413369E-03
   68.7000  1.409219E-03
   68.8000  1.405103E-03
   68.9000  1.401021E-03
   69.0000  1.396972E-03
   69.1000  1.392960E-03
   69.2000  1.388975E-03
   69.3000  1.385024E-03
   69.4000  1.381105E-03
   69.5000  1.377221E-03
   69.6000  1.373368E-03
   69.7000  1.369543E-03
   69.8000  1.365751E-03
   69.9000  1.361993E-03
   70.0000  1.358264E-03
   70.1000  1.354567E-03
   70.2000  1.350898E-03
   70.3000  1.347260E-03
   70.4000  1.343653E-03
   70.5000  1.340077E-03
   70.6000  1.336528E-03
   70.7000  1.333010E-03
   70.8000  1.329520E-03
   70.9000  1.326059E-03
   71.0000  1.322626E-03
   71.1000  1.319222E-03
   71.2000  1.315848E-03
   71.3000  1.312503E-03
   71.4000  1.309182E-03
   71.5000  1.305890E-03
   71.6000  1.302627E-03
   71.7000  1.299392E-03
   71.8000  1.296183E-03
   71.9000  1.293000E-03
   72.0000  1.289845E-03
   72.1000  1.286716E-03
   72.2000  1.283612E-03
   72.3000  1.280536E-03
   72.4000  1.277487E-03
   72.5000  1.274461E-03
   72.6000  1.271465E-03
   72.7000  1.268490E-03
   72.8000  1.265542E-03
   72.9000  1.262620E-03
   73.0000  1.259723E-03
   73.1000  1.256849E-03
   73.2000  1.254003E-03
   73.3000  1.251178E-03
   73.4000  1.248379E-03
   73.5000  1.245605E-03
   73.6000  1.242853E-03
   73.7000  1.240128E-03
   73.8000  1.237423E-03
   73.9000  1.234744E-03
   74.0000  1.232087E-03
   74.1000  1.229453E-03
   74.2000  1.226845E-03
   74.3000  1.224257E-03
   74.4000  1.221693E-03
   74.5000  1.219152E-03
   74.6000  1.216633E-03
   74.7000  1.214139E-03
   74.8000  1.211662E-03
   74.9000  1.209212E-03
   75.0000  1.206783E-03
   75.1000  1.204374E-03
   75.2000  1.201988E-03
   75.3000  1.199625E-03
   75.4000  1.197282E-03
   75.5000  1.194958E-03
   75.6000  1.192658E-03
   75.7000  1.190379E-03
   75.8000  1.188122E-03
   75.9000  1.185884E-03
   76.0000  1.183668E-03
   76.1000  1.181472E-03
   76.2000  1.179297E-03
   76.3000  1.177145E-03
   76.4000  1.175008E-03
   76.5000  1.172895E-03
   76.6000  1.170801E-03
   76.7000  1.168725E-03
   76.8000  1.166671E-03
   76.9000  1.164636E-03
   77.0000  1.162622E-03
   77.1000  1.160626E-03
   77.2000  1.158649E-03
   77.3000  1.156694E-03
   77.4000  1.154757E-03
   77.5000  1.152837E-03
   77.6000  1.150938E-03
   77.7000  1.149056E-03
   77.8000  1.147196E-03
   77.9000  1.145353E-03
   78.0000  1.143528E-03
   78.1000  1.141723E-03
   78.2000  1.139937E-03
   78.3000  1.138169E-03
   78.4000  1.136418E-03
   78.5000  1.134687E-03
   78.6000  1.132971E-03
   78.7000  1.131276E-03
   78.8000  1.129599E-03
   78.9000  1.127938E-03
   79.0000  1.126293E-03
   79.1000  1.124669E-03
   79.2000  1.123060E-03
   79.3000  1.121472E-03
   79.4000  1.119898E-03
   79.5000  1.118346E-03
   79.6000  1.116807E-03
   79.7000  1.115287E-03
   79.8000  1.113781E-03
   79.9000  1.112296E-03
   80.0000  1.110826E-03
   80.1000  1.109374E-03
   80.2000  1.107940E-03
   80.3000  1.106520E-03
   80.4000  1.105116E-03
   80.5000  1.103732E-03
   80.6000  1.102362E-03
   80.7000  1.101008E-03
   80.8000  1.099673E-03
   80.9000  1.098353E-03
   81.0000  1.097050E-03
   81.1000  1.095762E-03
   81.2000  1.094491E-03
   81.3000  1.093237E-03
   81.4000  1.091997E-03
   81.5000  1.090772E-03
   81.6000  1.089566E-03
   81.7000  1.088373E-03
   81.8000  1.087198E-03
   81.9000  1.086038E-03
   82.0000  1.084895E-03
   82.1000  1.083765E-03
   82.2000  1.082653E-03
   82.3000  1.081555E-03
   82.4000  1.080473E-03
   82.5000  1.079407E-03
   82.6000  1.078356E-03
   82.7000  1.077321E-03
   82.8000  1.076297E-03
   82.9000  1.075293E-03
   83.0000  1.074302E-03
   83.1000  1.073327E-03
   83.2000  1.072367E-03
   83.3000  1.071422E-03
   83.4000  1.070491E-03
   83.5000  1.069576E-03
   83.6000  1.068676E-03
   83.7000  1.067790E-03
   83.8000  1.066919E-03
   83.9000  1.066064E-03
   84.0000  1.065222E-03
   84.1000  1.064396E-03
   84.2000  1.063583E-03
   84.3000  1.062786E-03
   84.4000  1.062003E-03
   84.5000  1.061234E-03
   84.6000  1.060482E-03
   84.7000  1.059741E-03
   84.8000  1.059018E-03
   84.9000  1.058306E-03
   85.0000  1.057610E-03
   85.1000  1.056927E-03
   85.2000  1.056260E-03
   85.3000  1.055606E-03
   85.4000  1.054967E-03
   85.5000  1.054344E-03
   85.6000  1.053732E-03
   85.7000  1.053135E-03
   85.8000  1.052553E-03
   85.9000  1.051983E-03
   86.0000  1.051427E-03
   86.1000  1.050887E-03
   86.2000  1.050362E-03
   86.3000  1.049851E-03
   86.4000  1.049352E-03
   86.5000  1.048869E-03
   86.6000  1.048396E-03
   86.7000  1.047940E-03
   86.8000  1.047496E-03
   86.9000  1.047067E-03
   87.0000  1.046652E-03
   87.1000  1.046251E-03
   87.2000  1.045865E-03
   87.3000  1.045489E-03
   87.4000  1.045130E-03
   87.5000  1.044783E-03
   87.6000  1.044450E-03
   87.7000  1.044130E-03
   87.8000  1.043825E-03
   87.9000  1.043533E-03
   88.0000  1.043256E-03
   88.1000  1.042994E-03
   88.2000  1.042740E-03
   88.3000  1.042505E-03
   88.4000  1.042280E-03
   88.5000  1.042071E-03
   88.6000  1.041874E-03
   88.7000  1.041691E-03
   88.8000  1.041522E-03
   88.9000  1.041367E-03
   89.0000  1.041226E-03
   89.1000  1.041095E-03
   89.2000  1.040982E-03
   89.3000  1.040879E-03
   89.4000  1.040791E-03
   89.5000  1.040718E-03
   89.6000  1.040656E-03
   89.7000  1.040608E-03
   89.8000  1.040575E-03
   89.9000  1.040555E-03
   90.0000  1.040548E-03