   0.000000  1.00000
   0.100000  0.960842
   0.200000  0.923164
   0.300000  0.886861
   0.400000  0.851838
   0.500000  0.818008
   0.600000  0.785291
   0.700000  0.753615
   0.800000  0.722914
   0.900000  0.693129
   1.00000  0.664203
   1.10000  0.636088
   1.20000  0.608738
   1.30000  0.582113
   1.40000  0.556177
   1.50000  0.530898
   1.60000  0.506247
   1.70000  0.482199
   1.80000  0.458734
   1.90000  0.435837
   2.00000  0.413492
   2.10000  0.391693
   2.20000  0.370434
   2.30000  0.349714
   2.40000  0.329536
   2.50000  0.309910
   2.60000  0.290845
   2.70000  0.272359
   2.80000  0.254471
   2.90000  0.237204
   3.00000  0.220582
   3.10000  0.204634
   3.20000  0.189386
   3.30000  0.174865
   3.40000  0.161095
   3.50000  0.148095
   3.60000  0.135879
   3.70000  0.124455
   3.80000  0.113821
   3.90000  0.103968
   4.00000  9.487801E-02
   4.10000  8.652581E-02
   4.20000  7.887947E-02
   4.30000  7.190166E-02
   4.40000  6.555126E-02
   4.50000  5.978484E-02
   4.60000  5.455789E-02
   4.70000  4.982620E-02
   4.80000  4.554671E-02
   4.90000  4.167814E-02
   5.00000  3.818167E-02
   5.10000  3.502115E-02
   5.20000  3.216320E-02
   5.30000  2.957733E-02
   5.40000  2.723590E-02
   5.50000  2.511384E-02
   5.60000  2.318862E-02
   5.70000  2.144003E-02
   5.80000  1.984998E-02
   5.90000  1.840231E-02
   6.00000  1.708253E-02
   6.10000  1.587783E-02
   6.20000  1.477668E-02
   6.30000  1.376887E-02
   6.40000  1.284525E-02
   6.50000  1.199769E-02
   6.60000  1.121888E-02
   6.70000  1.050235E-02
   6.80000  9.842274E-03
   6.90000  9.233436E-03
   7.00000  8.671178E-03
   7.10000  8.151310E-03
   7.20000  7.670061E-03
   7.30000  7.224060E-03
   7.40000  6.810252E-03
   7.50000  6.425890E-03
   7.60000  6.068501E-03
   7.70000  5.735835E-03
   7.80000  5.425873E-03
   7.90000  5.136771E-03
   8.00000  4.866858E-03
   8.10000  4.614627E-03
   8.20000  4.378697E-03
   8.30000  4.157820E-03
   8.40000  3.950848E-03
   8.50000  3.756741E-03
   8.60000  3.574543E-03
   8.70000  3.403390E-03
   8.80000  3.242472E-03
   8.90000  3.091069E-03
   9.00000  2.948499E-03
   9.10000  2.814160E-03
   9.20000  2.687478E-03
   9.30000  2.567926E-03
   9.40000  2.455035E-03
   9.50000  2.348357E-03
   9.60000  2.247479E-03
   9.70000  2.152030E-03
   9.80000  2.061660E-03
   9.90000  1.976042E-03
   10.0000  1.894880E-03
   10.1000  1.817897E-03
   10.2000  1.744836E-03
   10.3000  1.675453E-03
   10.4000  1.609530E-03
   10.5000  1.546861E-03
   10.6000  1.487253E-03
   10.7000  1.430527E-03
   10.8000  1.376513E-03
   10.9000  1.325060E-03
   11.0000  1.276022E-03
   11.1000  1.229262E-03
   11.2000  1.184652E-03
   11.3000  1.142074E-03
   11.4000  1.101420E-03
   11.5000  1.062585E-03
   11.6000  1.025468E-03
   11.7000  9.899818E-04
   11.8000  9.560395E-04
   11.9000  9.235563E-04
   12.0000  8.924640E-04
   12.1000  8.626856E-04
   12.2000  8.341586E-04
   12.3000  8.068163E-04
   12.4000  7.806013E-04
   12.5000  7.554597E-04
   12.6000  7.313358E-04
   12.7000  7.081821E-04
   12.8000  6.859509E-04
   12.9000  6.645978E-04
   13.0000  6.440810E-04
   13.1000  6.243640E-04
   13.2000  6.054062E-04
   13.3000  5.871727E-04
   13.4000  5.696327E-04
   13.5000  5.527524E-04
   13.6000  5.365023E-04
   13.7000  5.208540E-04
   13.8000  5.057818E-04
   13.9000  4.912594E-04
   14.0000  4.772635E-04
   14.1000  4.637695E-04
   14.2000  4.507583E-04
   14.3000  4.382071E-04
   14.4000  4.260974E-04
   14.5000  4.144104E-04
   14.6000  4.031264E-04
   14.7000  3.922327E-04
   14.8000  3.817097E-04
   14.9000  3.715429E-04
   15.0000  3.617185E-04
   15.1000  3.522244E-04
   15.2000  3.430438E-04
   15.3000  3.341658E-04
   15.4000  3.255774E-04
   15.5000  3.172697E-04
   15.6000  3.092287E-04
   15.7000  3.014475E-04
   15.8000  2.939127E-04
   15.9000  2.866175E-04
   16.0000  2.795507E-04
   16.1000  2.727041E-04
   16.2000  2.660710E-04
   16.3000  2.596414E-04
   16.4000  2.534091E-04
   16.5000  2.473673E-04
   16.6000  2.415069E-04
   16.7000  2.358229E-04
   16.8000  2.303089E-04
   16.9000  2.249582E-04
   17.0000  2.197650E-04
   17.1000  2.147242E-04
   17.2000  2.098305E-04
   17.3000  2.050780E-04
   17.4000  2.004631E-04
   17.5000  1.959789E-04
   17.6000  1.916225E-04
   17.7000  1.873895E-04
   17.8000  1.832759E-04
   17.9000  1.792760E-04
   18.0000  1.753871E-04
   18.1000  1.716064E-04
   18.2000  1.679289E-04
   18.3000  1.643521E-04
   18.4000  1.608720E-04
   18.5000  1.574864E-04
   18.6000  1.541907E-04
   18.7000  1.509830E-04
   18.8000  1.478606E-04
   18.9000  1.448208E-04
   19.0000  1.418597E-04
   19.1000  1.389770E-04
   19.2000  1.361682E-04
   19.3000  1.334319E-04
   19.4000  1.307659E-04
   19.5000  1.281681E-04
   19.6000  1.256358E-04
   19.7000  1.231678E-04
   19.8000  1.207622E-04
   19.9000  1.184158E-04
   20.0000  1.161283E-04
   20.1000  1.138968E-04
   20.2000  1.117208E-04
   20.3000  1.095975E-04
   20.4000  1.075261E-04
   20.5000  1.055046E-04
   20.6000  1.035321E-04
   20.7000  1.016066E-04
   20.8000  9.972693E-05
   20.9000  9.789237E-05
   21.0000  9.610052E-05
   21.1000  9.435078E-05
   21.2000  9.264146E-05
   21.3000  9.097260E-05
   21.4000  8.934204E-05
   21.5000  8.774924E-05
   21.6000  8.619267E-05
   21.7000  8.467192E-05
   21.8000  8.318555E-05
   21.9000  8.173267E-05
   22.0000  8.031236E-05
   22.1000  7.892332E-05
   22.2000  7.756617E-05
   22.3000  7.623871E-05
   22.4000  7.494012E-05
   22.5000  7.367015E-05
   22.6000  7.242857E-05
   22.7000  7.121330E-05
   22.8000  7.002451E-05
   22.9000  6.886115E-05
   23.0000  6.772261E-05
   23.1000  6.660908E-05
   23.2000  6.551869E-05
   23.3000  6.445133E-05
   23.4000  6.340641E-05
   23.5000  6.238377E-05
   23.6000  6.138211E-05
   23.7000  6.040127E-05
   23.8000  5.944118E-05
   23.9000  5.849980E-05
   24.0000  5.757861E-05
   24.1000  5.667594E-05
   24.2000  5.579177E-05
   24.3000  5.492494E-05
   24.4000  5.407612E-05
   24.5000  5.324452E-05
   24.6000  5.242868E-05
   24.7000  5.163002E-05
   24.8000  5.084636E-05
   24.9000  5.007845E-05
   25.0000  4.932587E-05
   25.1000  4.858765E-05
   25.2000  4.786410E-05
   25.3000  4.715455E-05
   25.4000  4.645841E-05
   25.5000  4.577565E-05
   25.6000  4.510634E-05
   25.7000  4.444952E-05
   25.8000  4.380492E-05
   25.9000  4.317292E-05
   26.0000  4.255256E-05
   26.1000  4.194396E-05
   26.2000  4.134685E-05
   26.3000  4.076067E-05
   26.4000  4.018548E-05
   26.5000  3.962078E-05
   26.6000  3.906631E-05
   26.7000  3.852243E-05
   26.8000  3.798811E-05
   26.9000  3.746366E-05
   27.0000  3.694860E-05
   27.1000  3.644277E-05
   27.2000  3.594594E-05
   27.3000  3.545821E-05
   27.4000  3.497913E-05
   27.5000  3.450852E-05
   27.6000  3.404620E-05
   27.7000  3.359199E-05
   27.8000  3.314575E-05
   27.9000  3.270756E-05
   28.0000  3.227674E-05
   28.1000  3.185342E-05
   28.2000  3.143743E-05
   28.3000  3.102863E-05
   28.4000  3.062666E-05
   28.5000  3.023180E-05
   28.6000  2.984350E-05
   28.7000  2.946205E-05
   28.8000  2.908666E-05
   28.9000  2.871788E-05
   29.0000  2.835515E-05
   29.1000  2.799831E-05
   29.2000  2.764773E-05
   29.3000  2.730282E-05
   29.4000  2.696350E-05
   29.5000  2.663008E-05
   29.6000  2.630180E-05
   29.7000  2.597899E-05
   29.8000  2.566156E-05
   29.9000  2.534919E-05
   30.0000  2.504179E-05
   30.1000  2.473926E-05
   30.2000  2.444191E-05
   30.3000  2.414906E-05
   30.4000  2.386081E-05
   30.5000  2.357747E-05
   30.6000  2.329857E-05
   30.7000  2.302362E-05
   30.8000  2.275334E-05
   30.9000  2.248727E-05
   31.0000  2.222568E-05
   31.1000  2.196775E-05
   31.2000  2.171381E-05
   31.3000  2.146412E-05
   31.4000  2.121790E-05
   31.5000  2.097581E-05
   31.6000  2.073705E-05
   31.7000  2.050228E-05
   31.8000  2.027071E-05
   31.9000  2.004266E-05
   32.0000  1.981839E-05
   32.1000  1.959749E-05
   32.2000  1.937958E-05
   32.3000  1.916527E-05
   32.4000  1.895382E-05
   32.5000  1.874555E-05
   32.6000  1.854069E-05
   32.7000  1.833855E-05
   32.8000  1.813942E-05
   32.9000  1.794321E-05
   33.0000  1.774991E-05
   33.1000  1.755945E-05
   33.2000  1.737179E-05
   33.3000  1.718658E-05
   33.4000  1.700437E-05
   33.5000  1.682451E-05
   33.6000  1.664757E-05
   33.7000  1.647291E-05
   33.8000  1.630049E-05
   33.9000  1.613114E-05
   34.0000  1.596365E-05
   34.1000  1.579858E-05
   34.2000  1.563617E-05
   34.3000  1.547579E-05
   34.4000  1.531772E-05
   34.5000  1.516162E-05
   34.6000  1.500803E-05
   34.7000  1.485635E-05
   34.8000  1.470682E-05
   34.9000  1.455941E-05
   35.0000  1.441407E-05
   35.1000  1.427053E-05
   35.2000  1.412901E-05
   35.3000  1.398948E-05
   35.4000  1.385165E-05
   35.5000  1.371601E-05
   35.6000  1.358200E-05
   35.7000  1.344961E-05
   35.8000  1.331932E-05
   35.9000  1.319058E-05
   36.0000  1.306364E-05
   36.1000  1.293844E-05
   36.2000  1.281474E-05
   36.3000  1.269275E-05
   36.4000  1.257219E-05
   36.5000  1.245353E-05
   36.6000  1.233603E-05
   36.7000  1.222037E-05
   36.8000  1.210630E-05
   36.9000  1.199354E-05
   37.0000  1.188210E-05
   37.1000  1.177217E-05
   37.2000  1.166374E-05
   37.3000  1.155678E-05
   37.4000  1.145104E-05
   37.5000  1.134673E-05
   37.6000  1.124362E-05
   37.7000  1.114189E-05
   37.8000  1.104131E-05
   37.9000  1.094208E-05
   38.0000  1.084419E-05
   38.1000  1.074761E-05
   38.2000  1.065210E-05
   38.3000  1.055767E-05
   38.4000  1.046449E-05
   38.5000  1.037255E-05
   38.6000  1.028163E-05
   38.7000  1.019192E-05
   38.8000  1.010319E-05
   38.9000  1.001564E-05
   39.0000  9.929252E-06
   39.1000  9.843797E-06
   39.2000  9.759474E-06
   39.3000  9.675865E-06
   39.4000  9.593554E-06
   39.5000  9.512325E-06
   39.6000  9.431769E-06
   39.7000  9.352469E-06
   39.8000  9.274013E-06
   39.9000  9.196392E-06
   40.0000  9.119784E-06
   40.1000  9.043986E-06
   40.2000  8.968991E-06
   40.3000  8.895158E-06
   40.4000  8.822098E-06
   40.5000  8.749807E-06
   40.6000  8.678449E-06
   40.7000  8.607838E-06
   40.8000  8.538139E-06
   40.9000  8.469337E-06
   41.0000  8.401075E-06
   41.1000  8.333689E-06
   41.2000  8.267171E-06
   41.3000  8.201338E-06
   41.4000  8.136346E-06
   41.5000  8.072020E-06
   41.6000  8.008518E-06
   41.7000  7.945660E-06
   41.8000  7.883439E-06
   41.9000  7.822014E-06
   42.0000  7.761371E-06
   42.1000  7.701169E-06
   42.2000  7.641906E-06
   42.3000  7.583065E-06
   42.4000  7.524971E-06
   42.5000  7.467624E-06
   42.6000  7.410835E-06
   42.7000  7.354615E-06
   42.8000  7.299105E-06
   42.9000  7.244137E-06
   43.0000  7.189870E-06
   43.1000  7.136131E-06
   43.2000  7.083072E-06
   43.3000  7.030531E-06
   43.4000  6.978494E-06
   43.5000  6.927117E-06
   43.6000  6.876234E-06
   43.7000  6.825842E-06
   43.8000  6.776085E-06
   43.9000  6.726802E-06
   44.0000  6.678140E-06
   44.1000  6.629943E-06
   44.2000  6.582351E-06
   44.3000  6.535059E-06
   44.4000  6.488510E-06
   44.5000  6.442255E-06
   44.6000  6.396721E-06
   44.7000  6.351472E-06
   44.8000  6.306646E-06
   44.9000  6.262521E-06
   45.0000  6.218669E-06
   45.1000  6.175362E-06
   45.2000  6.132315E-06
   45.3000  6.090089E-06
   45.4000  6.047829E-06
   45.5000  6.006378E-06
   45.6000  5.965165E-06
   45.7000  5.924606E-06
   45.8000  5.884280E-06
   45.9000  5.844456E-06
   46.0000  5.804994E-06
   46.1000  5.766021E-06
   46.2000  5.727271E-06
   46.3000  5.689000E-06
   46.4000  5.651204E-06
   46.5000  5.613621E-06
   46.6000  5.576500E-06
   46.7000  5.539710E-06
   46.8000  5.503381E-06
   46.9000  5.467372E-06
   47.0000  5.431683E-06
   47.1000  5.396437E-06
   47.2000  5.361377E-06
   47.3000  5.326876E-06
   47.4000  5.292553E-06
   47.5000  5.258654E-06
   47.6000  5.225177E-06
   47.7000  5.191870E-06
   47.8000  5.158850E-06
   47.9000  5.126363E-06
   48.0000  5.094036E-06
   48.1000  5.062110E-06
   48.2000  5.030459E-06
   48.3000  4.999080E-06
   48.4000  4.968088E-06
   48.5000  4.937364E-06
   48.6000  4.906901E-06
   48.7000  4.876698E-06
   48.8000  4.846870E-06
   48.9000  4.817294E-06
   49.0000  4.788086E-06
   49.1000  4.759123E-06
   49.2000  4.730291E-06
   49.3000  4.701815E-06
   49.4000  4.673694E-06
   49.5000  4.645807E-06
   49.6000  4.618038E-06
   49.7000  4.590728E-06
   49.8000  4.563647E-06
   49.9000  4.536788E-06
   50.0000  4.510152E-06
   50.1000  4.483847E-06
   50.2000  4.457648E-06
   50.3000  4.431777E-06
   50.4000  4.406116E-06
   50.5000  4.380665E-06
   50.6000  4.355530E-06
   50.7000  4.330602E-06
   50.8000  4.305876E-06
   50.9000  4.281457E-06
   51.0000  4.257130E-06
   51.1000  4.233214E-06
   51.2000  4.209383E-06
   51.3000  4.185744E-06
   51.4000  4.162400E-06
   51.5000  4.139245E-06
   51.6000  4.116378E-06
   51.7000  4.093591E-06
   51.8000  4.070985E-06
   51.9000  4.048763E-06
   52.0000  4.026514E-06
   52.1000  4.004645E-06
   52.2000  3.982949E-06
   52.3000  3.961424E-06
   52.4000  3.940169E-06
   52.5000  3.918880E-06
   52.6000  3.897959E-06
   52.7000  3.877201E-06
   52.8000  3.856605E-06
   52.9000  3.836270E-06
   53.0000  3.815992E-06
   53.1000  3.795970E-06
   53.2000  3.776202E-06
   53.3000  3.756490E-06
   53.4000  3.736929E-06
   53.5000  3.717616E-06
   53.6000  3.698354E-06
   53.7000  3.679433E-06
   53.8000  3.660561E-06
   53.9000  3.641927E-06
   54.0000  3.623341E-06
   54.1000  3.604991E-06
   54.2000  3.586876E-06
   54.3000  3.568803E-06
   54.4000  3.550961E-06
   54.5000  3.533254E-06
   54.6000  3.515679E-06
   54.7000  3.498330E-06
   54.8000  3.481019E-06
   54.9000  3.463930E-06
   55.0000  3.446969E-06
   55.1000  3.430134E-06
   55.2000  3.413425E-06
   55.3000  3.396932E-06
   55.4000  3.380470E-06
   55.5000  3.364309E-06
   55.6000  3.348180E-06
   55.7000  3.332169E-06
   55.8000  3.316366E-06
   55.9000  3.300590E-06
   56.0000  3.285107E-06
   56.1000  3.269649E-06
   56.2000  3.254306E-06
   56.3000  3.239162E-06
   56.4000  3.224040E-06
   56.5000  3.209116E-06
   56.6000  3.194387E-06
   56.7000  3.179679E-06
   56.8000  3.165078E-06
   56.9000  3.150668E-06
   57.0000  3.136362E-06
   57.1000  3.122160E-06
   57.2000  3.108060E-06
   57.3000  3.094146E-06
   57.4000  3.080331E-06
   57.5000  3.066616E-06
   57.6000  3.052999E-06
   57.7000  3.039479E-06
   57.8000  3.026056E-06
   57.9000  3.012812E-06
   58.0000  2.999579E-06
   58.1000  2.986522E-06
   58.2000  2.973558E-06
   58.3000  2.960686E-06
   58.4000  2.948067E-06
   58.5000  2.935375E-06
   58.6000  2.922854E-06
   58.7000  2.910341E-06
   58.8000  2.898076E-06
   58.9000  2.885817E-06
   59.0000  2.873724E-06
   59.1000  2.861636E-06
   59.2000  2.849712E-06
   59.3000  2.837870E-06
   59.4000  2.826191E-06
   59.5000  2.814514E-06
   59.6000  2.802997E-06
   59.7000  2.791481E-06
   59.8000  2.780124E-06
   59.9000  2.768845E-06
   60.0000  2.757643E-06
   60.1000  2.746519E-06
   60.2000  2.735549E-06
   60.3000  2.724655E-06
   60.4000  2.713835E-06
   60.5000  2.703014E-06
   60.6000  2.692419E-06
   60.7000  2.681819E-06
   60.8000  2.671294E-06
   60.9000  2.660915E-06
   61.0000  2.650683E-06
   61.1000  2.640370E-06
   61.2000  2.630203E-06
   61.3000  2.620104E-06
   61.4000  2.610147E-06
   61.5000  2.600260E-06
   61.6000  2.590365E-06
   61.7000  2.580611E-06
   61.8000  2.570923E-06
   61.9000  2.561373E-06
   62.0000  2.551815E-06
   62.1000  2.542394E-06
   62.2000  2.532964E-06
   62.3000  2.523671E-06
   62.4000  2.514439E-06
   62.5000  2.505269E-06
   62.6000  2.496161E-06
   62.7000  2.487185E-06
   62.8000  2.478199E-06
   62.9000  2.469343E-06
   63.0000  2.460547E-06
   63.1000  2.451809E-06
   63.2000  2.443201E-06
   63.3000  2.434580E-06
   63.4000  2.426015E-06
   63.5000  2.417579E-06
   63.6000  2.409127E-06
   63.7000  2.400802E-06
   63.8000  2.392532E-06
   63.9000  2.384317E-06
   64.0000  2.376226E-06
   64.1000  2.368120E-06
   64.2000  2.360135E-06
   64.3000  2.352135E-06
   64.4000  2.344256E-06
   64.5000  2.336429E-06
   64.6000  2.328655E-06
   64.7000  2.320930E-06
   64.8000  2.313325E-06
   64.9000  2.305770E-06
   65.0000  2.298198E-06
   65.1000  2.290742E-06
   65.2000  2.283335E-06
   65.3000  2.275978E-06
   65.4000  2.268668E-06
   65.5000  2.261473E-06
   65.6000  2.254259E-06
   65.7000  2.247158E-06
   65.8000  2.240038E-06
   65.9000  2.233097E-06
   66.0000  2.226135E-06
   66.1000  2.219153E-06
   66.2000  2.212348E-06
   66.3000  2.205522E-06
   66.4000  2.198806E-06
   66.5000  2.192068E-06
   66.6000  2.185505E-06
   66.7000  2.178919E-06
   66.8000  2.172313E-06
   66.9000  2.165879E-06
   67.0000  2.159421E-06
   67.1000  2.153007E-06
   67.2000  2.146698E-06
   67.3000  2.140431E-06
   67.4000  2.134139E-06
   67.5000  2.127954E-06
   67.6000  2.121808E-06
   67.7000  2.115767E-06
   67.8000  2.109701E-06
   67.9000  2.103675E-06
   68.0000  2.097751E-06
   68.1000  2.091866E-06
   68.2000  2.085956E-06
   68.3000  2.080148E-06
   68.4000  2.074441E-06
   68.5000  2.068708E-06
   68.6000  2.063013E-06
   68.7000  2.057354E-06
   68.8000  2.051795E-06
   68.9000  2.046273E-06
   69.0000  2.040724E-06
   69.1000  2.035274E-06
   69.2000  2.029858E-06
   69.3000  2.024479E-06
   69.4000  2.019135E-06
   69.5000  2.013887E-06
   69.6000  2.008612E-06
   69.7000  2.003433E-06
   69.8000  1.998227E-06
   69.9000  1.993177E-06
   70.0000  1.988038E-06
   70.1000  1.983055E-06
   70.2000  1.977983E-06
   70.3000  1.973066E-06
   70.4000  1.968120E-06
   70.5000  1.963268E-06
   70.6000  1.958387E-06
   70.7000  1.953598E-06
   70.8000  1.948842E-06
   70.9000  1.944116E-06
   71.0000  1.939363E-06
   71.1000  1.934759E-06
   71.2000  1.930127E-06
   71.3000  1.925585E-06
   71.4000  1.921014E-06
   71.5000  1.916532E-06
   71.6000  1.912081E-06
   71.7000  1.907658E-06
   71.8000  1.903207E-06
   71.9000  1.898903E-06
   72.0000  1.894569E-06
   72.1000  1.890264E-06
   72.2000  1.885989E-06
   72.3000  1.881799E-06
   72.4000  1.877639E-06
   72.5000  1.873448E-06
   72.6000  1.869344E-06
   72.7000  1.865267E-06
   72.8000  1.861218E-06
   72.9000  1.857196E-06
   73.0000  1.853259E-06
   73.1000  1.849292E-06
   73.2000  1.845352E-06
   73.3000  1.841496E-06
   73.4000  1.837666E-06
   73.5000  1.833806E-06
   73.6000  1.830086E-06
   73.7000  1.826279E-06
   73.8000  1.822553E-06
   73.9000  1.818911E-06
   74.0000  1.815181E-06
   74.1000  1.811646E-06
   74.2000  1.808022E-06
   74.3000  1.804481E-06
   74.4000  1.800908E-06
   74.5000  1.797417E-06
   74.6000  1.793950E-06
   74.7000  1.790507E-06
   74.8000  1.787089E-06
   74.9000  1.783695E-06
   75.0000  1.780381E-06
   75.1000  1.777035E-06
   75.2000  1.773768E-06
   75.3000  1.770525E-06
   75.4000  1.767250E-06
   75.5000  1.763999E-06
   75.6000  1.760881E-06
   75.7000  1.757730E-06
   75.8000  1.754604E-06
   75.9000  1.751499E-06
   76.0000  1.748473E-06
   76.1000  1.745414E-06
   76.2000  1.742432E-06
   76.3000  1.739418E-06
   76.4000  1.736480E-06
   76.5000  1.733565E-06
   76.6000  1.730672E-06
   76.7000  1.727800E-06
   76.8000  1.724950E-06
   76.9000  1.722122E-06
   77.0000  1.719315E-06
   77.1000  1.716583E-06
   77.2000  1.713819E-06
   77.3000  1.711130E-06
   77.4000  1.708407E-06
   77.5000  1.705760E-06
   77.6000  1.703134E-06
   77.7000  1.700582E-06
   77.8000  1.697942E-06
   77.9000  1.695431E-06
   78.0000  1.692886E-06
   78.1000  1.690362E-06
   78.2000  1.687911E-06
   78.3000  1.685427E-06
   78.4000  1.683016E-06
   78.5000  1.680625E-06
   78.6000  1.678254E-06
   78.7000  1.675849E-06
   78.8000  1.673570E-06
   78.9000  1.671257E-06
   79.0000  1.668964E-06
   79.1000  1.666689E-06
   79.2000  1.664434E-06
   79.3000  1.662252E-06
   79.4000  1.660035E-06
   79.5000  1.657943E-06
   79.6000  1.655764E-06
   79.7000  1.653708E-06
   79.8000  1.651567E-06
   79.9000  1.649549E-06
   80.0000  1.647445E-06
   80.1000  1.645411E-06
   80.2000  1.643448E-06
   80.3000  1.641504E-06
   80.4000  1.639525E-06
   80.5000  1.637564E-06
   80.6000  1.635726E-06
   80.7000  1.633801E-06
   80.8000  1.631946E-06
   80.9000  1.630110E-06
   81.0000  1.628290E-06
   81.1000  1.626489E-06
   81.2000  1.624757E-06
   81.3000  1.622990E-06
   81.4000  1.621242E-06
   81.5000  1.619562E-06
   81.6000  1.617847E-06
   81.7000  1.616202E-06
   81.8000  1.614574E-06
   81.9000  1.612963E-06
   82.0000  1.611369E-06
   82.1000  1.609792E-06
   82.2000  1.608232E-06
   82.3000  1.606688E-06
   82.4000  1.605214E-06
   82.5000  1.603704E-06
   82.6000  1.602262E-06
   82.7000  1.600837E-06
   82.8000  1.599377E-06
   82.9000  1.598037E-06
   83.0000  1.596610E-06
   83.1000  1.595251E-06
   83.2000  1.593908E-06
   83.3000  1.592633E-06
   83.4000  1.591271E-06
   83.5000  1.589977E-06
   83.6000  1.588751E-06
   83.7000  1.587540E-06
   83.8000  1.586295E-06
   83.9000  1.585116E-06
   84.0000  1.583953E-06
   84.1000  1.582755E-06
   84.2000  1.581624E-06
   84.3000  1.580560E-06
   84.4000  1.579461E-06
   84.5000  1.578377E-06
   84.6000  1.577310E-06
   84.7000  1.576257E-06
   84.8000  1.575272E-06
   84.9000  1.574302E-06
   85.0000  1.573296E-06
   85.1000  1.572357E-06
   85.2000  1.571434E-06
   85.3000  1.570475E-06
   85.4000  1.569632E-06
   85.5000  1.568755E-06
   85.6000  1.567893E-06
   85.7000  1.567047E-06
   85.8000  1.566215E-06
   85.9000  1.565449E-06
   86.0000  1.564648E-06
   86.1000  1.563913E-06
   86.2000  1.563193E-06
   86.3000  1.562437E-06
   86.4000  1.561747E-06
   86.5000  1.561072E-06
   86.6000  1.560413E-06
   86.7000  1.559768E-06
   86.8000  1.559138E-06
   86.9000  1.558574E-06
   87.0000  1.557974E-06
   87.1000  1.557389E-06
   87.2000  1.556869E-06
   87.3000  1.556364E-06
   87.4000  1.555874E-06
   87.5000  1.555400E-06
   87.6000  1.554889E-06
   87.7000  1.554494E-06
   87.8000  1.554013E-06
   87.9000  1.553597E-06
   88.0000  1.553246E-06
   88.1000  1.552860E-06
   88.2000  1.552539E-06
   88.3000  1.552182E-06
   88.4000  1.551840E-06
   88.5000  1.551563E-06
   88.6000  1.551300E-06
   88.7000  1.551053E-06
   88.8000  1.550820E-06
   88.9000  1.550601E-06
   89.0000  1.550398E-06
   89.1000  1.550208E-06
   89.2000  1.550034E-06
   89.3000  1.549924E-06
   89.4000  1.549779E-06
   89.5000  1.549699E-06
   89.6000  1.549583E-06
   89.7000  1.549531E-06
   89.8000  1.549495E-06
   89.9000  1.549473E-06
   90.0000  1.549466E-06