   0.000000  1.00000
   0.100000  0.989179
   0.200000  0.978460
   0.300000  0.967827
   0.400000  0.957266
   0.500000  0.946761
   0.600000  0.936298
   0.700000  0.925862
   0.800000  0.915438
   0.900000  0.905013
   1.00000  0.894571
   1.10000  0.884098
   1.20000  0.873579
   1.30000  0.862996
   1.40000  0.852336
   1.50000  0.841579
   1.60000  0.830709
   1.70000  0.819705
   1.80000  0.808548
   1.90000  0.797217
   2.00000  0.785687
   2.10000  0.773934
   2.20000  0.761929
   2.30000  0.749642
   2.40000  0.737039
   2.50000  0.724085
   2.60000  0.710736
   2.70000  0.696948
   2.80000  0.682667
   2.90000  0.667835
   3.00000  0.652385
   3.10000  0.636240
   3.20000  0.619315
   3.30000  0.601509
   3.40000  0.582710
   3.50000  0.562787
   3.60000  0.541595
   3.70000  0.518972
   3.80000  0.494746
   3.90000  0.468742
   4.00000  0.440812
   4.10000  0.410871
   4.20000  0.378975
   4.30000  0.345418
   4.40000  0.310838
   4.50000  0.276239
   4.60000  0.242859
   4.70000  0.211872
   4.80000  0.184086
   4.90000  0.159825
   5.00000  0.139006
   5.10000  0.121309
   5.20000  0.106317
   5.30000  9.361143E-02
   5.40000  8.281393E-02
   5.50000  7.359998E-02
   5.60000  6.569973E-02
   5.70000  5.889173E-02
   5.80000  5.299535E-02
   5.90000  4.786344E-02
   6.00000  4.337561E-02
   6.10000  3.943346E-02
   6.20000  3.595593E-02
   6.30000  3.287603E-02
   6.40000  3.013795E-02
   6.50000  2.769522E-02
   6.60000  2.550866E-02
   6.70000  2.354535E-02
   6.80000  2.177725E-02
   6.90000  2.018053E-02
   7.00000  1.873481E-02
   7.10000  1.742257E-02
   7.20000  1.622866E-02
   7.30000  1.514002E-02
   7.40000  1.414526E-02
   7.50000  1.323445E-02
   7.60000  1.239892E-02
   7.70000  1.163105E-02
   7.80000  1.092415E-02
   7.90000  1.027227E-02
   8.00000  9.670187E-03
   8.10000  9.113269E-03
   8.20000  8.597341E-03
   8.30000  8.118760E-03
   8.40000  7.674206E-03
   8.50000  7.260723E-03
   8.60000  6.875675E-03
   8.70000  6.516675E-03
   8.80000  6.181564E-03
   8.90000  5.868415E-03
   9.00000  5.575488E-03
   9.10000  5.301175E-03
   9.20000  5.044038E-03
   9.30000  4.802780E-03
   9.40000  4.576201E-03
   9.50000  4.363219E-03
   9.60000  4.162839E-03
   9.70000  3.974159E-03
   9.80000  3.796352E-03
   9.90000  3.628647E-03
   10.0000  3.470352E-03
   10.1000  3.320826E-03
   10.2000  3.179480E-03
   10.3000  3.045775E-03
   10.4000  2.919209E-03
   10.5000  2.799315E-03
   10.6000  2.685668E-03
   10.7000  2.577874E-03
   10.8000  2.475573E-03
   10.9000  2.378417E-03
   11.0000  2.286102E-03
   11.1000  2.198324E-03
   11.2000  2.114828E-03
   11.3000  2.035345E-03
   11.4000  1.959657E-03
   11.5000  1.887536E-03
   11.6000  1.818776E-03
   11.7000  1.753193E-03
   11.8000  1.690610E-03
   11.9000  1.630855E-03
   12.0000  1.573778E-03
   12.1000  1.519232E-03
   12.2000  1.467084E-03
   12.3000  1.417206E-03
   12.4000  1.369475E-03
   12.5000  1.323782E-03
   12.6000  1.280020E-03
   12.7000  1.238094E-03
   12.8000  1.197906E-03
   12.9000  1.159374E-03
   13.0000  1.122412E-03
   13.1000  1.086943E-03
   13.2000  1.052895E-03
   13.3000  1.020200E-03
   13.4000  9.887924E-04
   13.5000  9.586096E-04
   13.6000  9.295962E-04
   13.7000  9.016946E-04
   13.8000  8.748565E-04
   13.9000  8.490310E-04
   14.0000  8.241721E-04
   14.1000  8.002355E-04
   14.2000  7.771840E-04
   14.3000  7.549713E-04
   14.4000  7.335659E-04
   14.5000  7.129300E-04
   14.6000  6.930297E-04
   14.7000  6.738363E-04
   14.8000  6.553183E-04
   14.9000  6.374421E-04
   15.0000  6.201884E-04
   15.1000  6.035269E-04
   15.2000  5.874336E-04
   15.3000  5.718855E-04
   15.4000  5.568584E-04
   15.5000  5.423363E-04
   15.6000  5.282927E-04
   15.7000  5.147103E-04
   15.8000  5.015756E-04
   15.9000  4.888647E-04
   16.0000  4.765630E-04
   16.1000  4.646537E-04
   16.2000  4.531255E-04
   16.3000  4.419604E-04
   16.4000  4.311442E-04
   16.5000  4.206647E-04
   16.6000  4.105104E-04
   16.7000  4.006665E-04
   16.8000  3.911242E-04
   16.9000  3.818719E-04
   17.0000  3.728977E-04
   17.1000  3.641907E-04
   17.2000  3.557441E-04
   17.3000  3.475476E-04
   17.4000  3.395895E-04
   17.5000  3.318656E-04
   17.6000  3.243650E-04
   17.7000  3.170806E-04
   17.8000  3.100041E-04
   17.9000  3.031290E-04
   18.0000  2.964504E-04
   18.1000  2.899576E-04
   18.2000  2.836464E-04
   18.3000  2.775114E-04
   18.4000  2.715456E-04
   18.5000  2.657424E-04
   18.6000  2.600999E-04
   18.7000  2.546091E-04
   18.8000  2.492652E-04
   18.9000  2.440670E-04
   19.0000  2.390059E-04
   19.1000  2.340793E-04
   19.2000  2.292832E-04
   19.3000  2.246114E-04
   19.4000  2.200629E-04
   19.5000  2.156316E-04
   19.6000  2.113141E-04
   19.7000  2.071087E-04
   19.8000  2.030094E-04
   19.9000  1.990148E-04
   20.0000  1.951195E-04
   20.1000  1.913231E-04
   20.2000  1.876218E-04
   20.3000  1.840117E-04
   20.4000  1.804905E-04
   20.5000  1.770558E-04
   20.6000  1.737052E-04
   20.7000  1.704365E-04
   20.8000  1.672453E-04
   20.9000  1.641319E-04
   21.0000  1.610930E-04
   21.1000  1.581258E-04
   21.2000  1.552292E-04
   21.3000  1.524006E-04
   21.4000  1.496382E-04
   21.5000  1.469423E-04
   21.6000  1.443063E-04
   21.7000  1.417325E-04
   21.8000  1.392175E-04
   21.9000  1.367589E-04
   22.0000  1.343581E-04
   22.1000  1.320099E-04
   22.2000  1.297158E-04
   22.3000  1.274727E-04
   22.4000  1.252801E-04
   22.5000  1.231361E-04
   22.6000  1.210394E-04
   22.7000  1.189881E-04
   22.8000  1.169818E-04
   22.9000  1.150196E-04
   23.0000  1.131004E-04
   23.1000  1.112215E-04
   23.2000  1.093836E-04
   23.3000  1.075851E-04
   23.4000  1.058248E-04
   23.5000  1.041020E-04
   23.6000  1.024151E-04
   23.7000  1.007638E-04
   23.8000  9.914685E-05
   23.9000  9.756330E-05
   24.0000  9.601245E-05
   24.1000  9.449491E-05
   24.2000  9.300718E-05
   24.3000  9.155068E-05
   24.4000  9.012332E-05
   24.5000  8.872514E-05
   24.6000  8.735418E-05
   24.7000  8.601179E-05
   24.8000  8.469605E-05
   24.9000  8.340643E-05
   25.0000  8.214229E-05
   25.1000  8.090311E-05
   25.2000  7.968774E-05
   25.3000  7.849687E-05
   25.4000  7.732943E-05
   25.5000  7.618425E-05
   25.6000  7.506092E-05
   25.7000  7.395952E-05
   25.8000  7.287904E-05
   25.9000  7.181965E-05
   26.0000  7.077964E-05
   26.1000  6.975934E-05
   26.2000  6.875880E-05
   26.3000  6.777711E-05
   26.4000  6.681331E-05
   26.5000  6.586758E-05
   26.6000  6.493901E-05
   26.7000  6.402835E-05
   26.8000  6.313364E-05
   26.9000  6.225611E-05
   27.0000  6.139389E-05
   27.1000  6.054770E-05
   27.2000  5.971672E-05
   27.3000  5.890110E-05
   27.4000  5.809913E-05
   27.5000  5.731247E-05
   27.6000  5.653935E-05
   27.7000  5.578001E-05
   27.8000  5.503417E-05
   27.9000  5.430158E-05
   28.0000  5.358151E-05
   28.1000  5.287421E-05
   28.2000  5.217894E-05
   28.3000  5.149640E-05
   28.4000  5.082501E-05
   28.5000  5.016544E-05
   28.6000  4.951703E-05
   28.7000  4.888000E-05
   28.8000  4.825370E-05
   28.9000  4.763754E-05
   29.0000  4.703259E-05
   29.1000  4.643693E-05
   29.2000  4.585169E-05
   29.3000  4.527663E-05
   29.4000  4.471040E-05
   29.5000  4.415399E-05
   29.6000  4.360645E-05
   29.7000  4.306842E-05
   29.8000  4.253894E-05
   29.9000  4.201824E-05
   30.0000  4.150579E-05
   30.1000  4.100144E-05
   30.2000  4.050579E-05
   30.3000  4.001758E-05
   30.4000  3.953742E-05
   30.5000  3.906479E-05
   30.6000  3.859996E-05
   30.7000  3.814236E-05
   30.8000  3.769264E-05
   30.9000  3.724925E-05
   31.0000  3.681275E-05
   31.1000  3.638373E-05
   31.2000  3.596070E-05
   31.3000  3.554490E-05
   31.4000  3.513487E-05
   31.5000  3.473119E-05
   31.6000  3.433441E-05
   31.7000  3.394372E-05
   31.8000  3.355843E-05
   31.9000  3.317906E-05
   32.0000  3.280551E-05
   32.1000  3.243832E-05
   32.2000  3.207613E-05
   32.3000  3.171889E-05
   32.4000  3.136769E-05
   32.5000  3.102125E-05
   32.6000  3.068010E-05
   32.7000  3.034415E-05
   32.8000  3.001271E-05
   32.9000  2.968689E-05
   33.0000  2.936544E-05
   33.1000  2.904886E-05
   33.2000  2.873708E-05
   33.3000  2.842945E-05
   33.4000  2.812590E-05
   33.5000  2.782749E-05
   33.6000  2.753303E-05
   33.7000  2.724300E-05
   33.8000  2.695680E-05
   33.9000  2.667491E-05
   34.0000  2.639723E-05
   34.1000  2.612321E-05
   34.2000  2.585277E-05
   34.3000  2.558690E-05
   34.4000  2.532397E-05
   34.5000  2.506498E-05
   34.6000  2.480987E-05
   34.7000  2.455805E-05
   34.8000  2.431001E-05
   34.9000  2.406464E-05
   35.0000  2.382344E-05
   35.1000  2.358533E-05
   35.2000  2.335078E-05
   35.3000  2.311874E-05
   35.4000  2.289015E-05
   35.5000  2.266496E-05
   35.6000  2.244264E-05
   35.7000  2.222315E-05
   35.8000  2.200691E-05
   35.9000  2.179341E-05
   36.0000  2.158263E-05
   36.1000  2.137495E-05
   36.2000  2.116991E-05
   36.3000  2.096744E-05
   36.4000  2.076752E-05
   36.5000  2.057056E-05
   36.6000  2.037607E-05
   36.7000  2.018401E-05
   36.8000  1.999436E-05
   36.9000  1.980750E-05
   37.0000  1.962297E-05
   37.1000  1.944117E-05
   37.2000  1.926077E-05
   37.3000  1.908347E-05
   37.4000  1.890835E-05
   37.5000  1.873540E-05
   37.6000  1.856460E-05
   37.7000  1.839590E-05
   37.8000  1.822928E-05
   37.9000  1.806511E-05
   38.0000  1.790256E-05
   38.1000  1.774241E-05
   38.2000  1.758421E-05
   38.3000  1.742757E-05
   38.4000  1.727362E-05
   38.5000  1.712116E-05
   38.6000  1.697056E-05
   38.7000  1.682180E-05
   38.8000  1.667523E-05
   38.9000  1.653006E-05
   39.0000  1.638666E-05
   39.1000  1.624536E-05
   39.2000  1.610541E-05
   39.3000  1.596716E-05
   39.4000  1.583093E-05
   39.5000  1.569600E-05
   39.6000  1.556304E-05
   39.7000  1.543134E-05
   39.8000  1.530157E-05
   39.9000  1.517301E-05
   40.0000  1.504600E-05
   40.1000  1.492086E-05
   40.2000  1.479687E-05
   40.3000  1.467437E-05
   40.4000  1.455333E-05
   40.5000  1.443374E-05
   40.6000  1.431558E-05
   40.7000  1.419882E-05
   40.8000  1.408346E-05
   40.9000  1.396948E-05
   41.0000  1.385685E-05
   41.1000  1.374524E-05
   41.2000  1.363527E-05
   41.3000  1.352629E-05
   41.4000  1.341859E-05
   41.5000  1.331218E-05
   41.6000  1.320703E-05
   41.7000  1.310312E-05
   41.8000  1.300013E-05
   41.9000  1.289866E-05
   42.0000  1.279809E-05
   42.1000  1.269869E-05
   42.2000  1.260048E-05
   42.3000  1.250342E-05
   42.4000  1.240720E-05
   42.5000  1.231242E-05
   42.6000  1.221844E-05
   42.7000  1.212558E-05
   42.8000  1.203381E-05
   42.9000  1.194281E-05
   43.0000  1.185318E-05
   43.1000  1.176431E-05
   43.2000  1.167649E-05
   43.3000  1.158940E-05
   43.4000  1.150362E-05
   43.5000  1.141856E-05
   43.6000  1.133420E-05
   43.7000  1.125112E-05
   43.8000  1.116902E-05
   43.9000  1.108759E-05
   44.0000  1.100684E-05
   44.1000  1.092730E-05
   44.2000  1.084842E-05
   44.3000  1.077046E-05
   44.4000  1.069341E-05
   44.5000  1.061726E-05
   44.6000  1.054172E-05
   44.7000  1.046707E-05
   44.8000  1.039303E-05
   44.9000  1.031984E-05
   45.0000  1.024751E-05
   45.1000  1.017602E-05
   45.2000  1.010510E-05
   45.3000  1.003500E-05
   45.4000  9.965469E-06
   45.5000  9.896742E-06
   45.6000  9.829072E-06
   45.7000  9.761682E-06
   45.8000  9.695074E-06
   45.9000  9.629241E-06
   46.0000  9.563925E-06
   46.1000  9.499613E-06
   46.2000  9.435560E-06
   46.3000  9.372495E-06
   46.4000  9.309917E-06
   46.5000  9.247827E-06
   46.6000  9.186699E-06
   46.7000  9.125796E-06
   46.8000  9.065848E-06
   46.9000  9.006356E-06
   47.0000  8.947315E-06
   47.1000  8.889198E-06
   47.2000  8.831526E-06
   47.3000  8.774287E-06
   47.4000  8.717714E-06
   47.5000  8.661566E-06
   47.6000  8.606074E-06
   47.7000  8.551458E-06
   47.8000  8.497020E-06
   47.9000  8.443212E-06
   48.0000  8.390036E-06
   48.1000  8.337025E-06
   48.2000  8.284860E-06
   48.3000  8.233076E-06
   48.4000  8.181895E-06
   48.5000  8.131095E-06
   48.6000  8.080881E-06
   48.7000  8.031039E-06
   48.8000  7.981776E-06
   48.9000  7.933089E-06
   49.0000  7.884755E-06
   49.1000  7.836556E-06
   49.2000  7.789346E-06
   49.3000  7.742477E-06
   49.4000  7.695734E-06
   49.5000  7.649746E-06
   49.6000  7.604084E-06
   49.7000  7.558961E-06
   49.8000  7.514159E-06
   49.9000  7.469883E-06
   50.0000  7.425916E-06
   50.1000  7.382263E-06
   50.2000  7.339120E-06
   50.3000  7.296487E-06
   50.4000  7.254353E-06
   50.5000  7.212312E-06
   50.6000  7.170763E-06
   50.7000  7.129507E-06
   50.8000  7.088934E-06
   50.9000  7.048642E-06
   51.0000  7.008430E-06
   51.1000  6.968890E-06
   51.2000  6.929623E-06
   51.3000  6.890623E-06
   51.4000  6.852085E-06
   51.5000  6.813811E-06
   51.6000  6.775989E-06
   51.7000  6.738425E-06
   51.8000  6.701307E-06
   51.9000  6.664628E-06
   52.0000  6.628009E-06
   52.1000  6.591826E-06
   52.2000  6.556071E-06
   52.3000  6.520371E-06
   52.4000  6.485280E-06
   52.5000  6.450425E-06
   52.6000  6.415802E-06
   52.7000  6.381591E-06
   52.8000  6.347609E-06
   52.9000  6.314032E-06
   53.0000  6.280678E-06
   53.1000  6.247541E-06
   53.2000  6.214804E-06
   53.3000  6.182463E-06
   53.4000  6.150150E-06
   53.5000  6.118229E-06
   53.6000  6.086692E-06
   53.7000  6.055359E-06
   53.8000  6.024230E-06
   53.9000  5.993478E-06
   54.0000  5.962922E-06
   54.1000  5.932564E-06
   54.2000  5.902750E-06
   54.3000  5.872951E-06
   54.4000  5.843516E-06
   54.5000  5.814268E-06
   54.6000  5.785206E-06
   54.7000  5.756499E-06
   54.8000  5.727974E-06
   54.9000  5.699968E-06
   55.0000  5.671801E-06
   55.1000  5.644146E-06
   55.2000  5.616667E-06
   55.3000  5.589360E-06
   55.4000  5.562389E-06
   55.5000  5.535584E-06
   55.6000  5.508948E-06
   55.7000  5.482641E-06
   55.8000  5.456497E-06
   55.9000  5.430515E-06
   56.0000  5.404857E-06
   56.1000  5.379519E-06
   56.2000  5.354334E-06
   56.3000  5.329306E-06
   56.4000  5.304430E-06
   56.5000  5.279865E-06
   56.6000  5.255451E-06
   56.7000  5.231186E-06
   56.8000  5.207225E-06
   56.9000  5.183409E-06
   57.0000  5.159895E-06
   57.1000  5.136365E-06
   57.2000  5.113290E-06
   57.3000  5.090198E-06
   57.4000  5.067398E-06
   57.5000  5.044736E-06
   57.6000  5.022208E-06
   57.7000  4.999968E-06
   57.8000  4.978014E-06
   57.9000  4.956038E-06
   58.0000  4.934343E-06
   58.1000  4.912928E-06
   58.2000  4.891489E-06
   58.3000  4.870326E-06
   58.4000  4.849438E-06
   58.5000  4.828522E-06
   58.6000  4.807878E-06
   58.7000  4.787355E-06
   58.8000  4.767101E-06
   58.9000  4.746963E-06
   59.0000  4.726943E-06
   59.1000  4.707038E-06
   59.2000  4.687395E-06
   59.3000  4.667865E-06
   59.4000  4.648594E-06
   59.5000  4.629288E-06
   59.6000  4.610238E-06
   59.7000  4.591441E-06
   59.8000  4.572609E-06
   59.9000  4.554170E-06
   60.0000  4.535693E-06
   60.1000  4.517321E-06
   60.2000  4.499197E-06
   60.3000  4.481316E-06
   60.4000  4.463537E-06
   60.5000  4.445718E-06
   60.6000  4.428140E-06
   60.7000  4.410799E-06
   60.8000  4.393557E-06
   60.9000  4.376272E-06
   61.0000  4.359361E-06
   61.1000  4.342408E-06
   61.2000  4.325686E-06
   61.3000  4.309058E-06
   61.4000  4.292659E-06
   61.5000  4.276351E-06
   61.6000  4.259998E-06
   61.7000  4.244007E-06
   61.8000  4.228104E-06
   61.9000  4.212290E-06
   62.0000  4.196562E-06
   62.1000  4.180920E-06
   62.2000  4.165500E-06
   62.3000  4.150164E-06
   62.4000  4.134911E-06
   62.5000  4.119875E-06
   62.6000  4.104921E-06
   62.7000  4.090049E-06
   62.8000  4.075257E-06
   62.9000  4.060678E-06
   63.0000  4.046177E-06
   63.1000  4.031755E-06
   63.2000  4.017543E-06
   63.3000  4.003276E-06
   63.4000  3.989217E-06
   63.5000  3.975362E-06
   63.6000  3.961453E-06
   63.7000  3.947747E-06
   63.8000  3.934117E-06
   63.9000  3.920557E-06
   64.0000  3.907199E-06
   64.1000  3.893912E-06
   64.2000  3.880695E-06
   64.3000  3.867550E-06
   64.4000  3.854601E-06
   64.5000  3.841847E-06
   64.6000  3.829035E-06
   64.7000  3.816291E-06
   64.8000  3.803614E-06
   64.9000  3.791129E-06
   65.0000  3.778711E-06
   65.1000  3.766482E-06
   65.2000  3.754194E-06
   65.3000  3.742095E-06
   65.4000  3.730059E-06
   65.5000  3.718209E-06
   65.6000  3.706421E-06
   65.7000  3.694696E-06
   65.8000  3.683032E-06
   65.9000  3.671551E-06
   66.0000  3.660008E-06
   66.1000  3.648647E-06
   66.2000  3.637345E-06
   66.3000  3.626103E-06
   66.4000  3.614919E-06
   66.5000  3.604032E-06
   66.6000  3.592964E-06
   66.7000  3.582192E-06
   66.8000  3.571476E-06
   66.9000  3.560816E-06
   67.0000  3.550211E-06
   67.1000  3.539660E-06
   67.2000  3.529164E-06
   67.3000  3.518842E-06
   67.4000  3.508571E-06
   67.5000  3.498355E-06
   67.6000  3.488308E-06
   67.7000  3.478196E-06
   67.8000  3.468253E-06
   67.9000  3.458361E-06
   68.0000  3.448636E-06
   68.1000  3.438845E-06
   68.2000  3.429220E-06
   68.3000  3.419645E-06
   68.4000  3.410119E-06
   68.5000  3.400757E-06
   68.6000  3.391443E-06
   68.7000  3.382062E-06
   68.8000  3.372844E-06
   68.9000  3.363786E-06
   69.0000  3.354662E-06
   69.1000  3.345812E-06
   69.2000  3.336780E-06
   69.3000  3.327907E-06
   69.4000  3.319193E-06
   69.5000  3.310523E-06
   69.6000  3.301898E-06
   69.7000  3.293317E-06
   69.8000  3.284779E-06
   69.9000  3.276397E-06
   70.0000  3.268058E-06
   70.1000  3.259652E-06
   70.2000  3.251508E-06
   70.3000  3.243297E-06
   70.4000  3.235127E-06
   70.5000  3.227109E-06
   70.6000  3.219243E-06
   70.7000  3.211307E-06
   70.8000  3.203522E-06
   70.9000  3.195667E-06
   71.0000  3.187851E-06
   71.1000  3.180295E-06
   71.2000  3.172667E-06
   71.3000  3.165188E-06
   71.4000  3.157639E-06
   71.5000  3.150128E-06
   71.6000  3.142873E-06
   71.7000  3.135654E-06
   71.8000  3.128365E-06
   71.9000  3.121221E-06
   72.0000  3.114006E-06
   72.1000  3.106936E-06
   72.2000  3.099902E-06
   72.3000  3.093010E-06
   72.4000  3.086155E-06
   72.5000  3.079335E-06
   72.6000  3.072550E-06
   72.7000  3.065906E-06
   72.8000  3.059085E-06
   72.9000  3.052616E-06
   73.0000  3.046075E-06
   73.1000  3.039463E-06
   73.2000  3.033097E-06
   73.3000  3.026657E-06
   73.4000  3.020356E-06
   73.5000  3.014087E-06
   73.6000  3.007852E-06
   73.7000  3.001650E-06
   73.8000  2.995584E-06
   73.9000  2.989445E-06
   74.0000  2.983443E-06
   74.1000  2.977576E-06
   74.2000  2.971636E-06
   74.3000  2.965728E-06
   74.4000  2.959851E-06
   74.5000  2.954108E-06
   74.6000  2.948499E-06
   74.7000  2.942816E-06
   74.8000  2.937163E-06
   74.9000  2.931541E-06
   75.0000  2.926050E-06
   75.1000  2.920590E-06
   75.2000  2.915261E-06
   75.3000  2.909858E-06
   75.4000  2.904485E-06
   75.5000  2.899242E-06
   75.6000  2.894028E-06
   75.7000  2.888842E-06
   75.8000  2.883684E-06
   75.9000  2.878553E-06
   76.0000  2.873553E-06
   76.1000  2.868578E-06
   76.2000  2.863632E-06
   76.3000  2.858713E-06
   76.4000  2.853821E-06
   76.5000  2.849057E-06
   76.6000  2.844318E-06
   76.7000  2.839506E-06
   76.8000  2.834821E-06
   76.9000  2.830262E-06
   77.0000  2.825629E-06
   77.1000  2.821122E-06
   77.2000  2.816540E-06
   77.3000  2.812084E-06
   77.4000  2.807652E-06
   77.5000  2.803346E-06
   77.6000  2.798966E-06
   77.7000  2.794709E-06
   77.8000  2.790477E-06
   77.9000  2.786270E-06
   78.0000  2.782087E-06
   78.1000  2.778027E-06
   78.2000  2.773893E-06
   78.3000  2.769782E-06
   78.4000  2.765893E-06
   78.5000  2.761929E-06
   78.6000  2.757988E-06
   78.7000  2.754169E-06
   78.8000  2.750275E-06
   78.9000  2.746503E-06
   79.0000  2.742753E-06
   79.1000  2.739026E-06
   79.2000  2.735323E-06
   79.3000  2.731642E-06
   79.4000  2.728081E-06
   79.5000  2.724542E-06
   79.6000  2.721026E-06
   79.7000  2.717532E-06
   79.8000  2.714156E-06
   79.9000  2.710706E-06
   80.0000  2.707374E-06
   80.1000  2.703969E-06
   80.2000  2.700777E-06
   80.3000  2.697511E-06
   80.4000  2.694266E-06
   80.5000  2.691042E-06
   80.6000  2.688032E-06
   80.7000  2.684851E-06
   80.8000  2.681786E-06
   80.9000  2.678743E-06
   81.0000  2.675817E-06
   81.1000  2.672815E-06
   81.2000  2.669930E-06
   81.3000  2.667065E-06
   81.4000  2.664221E-06
   81.5000  2.661397E-06
   81.6000  2.658688E-06
   81.7000  2.655904E-06
   81.8000  2.653236E-06
   81.9000  2.650492E-06
   82.0000  2.647959E-06
   82.1000  2.645350E-06
   82.2000  2.642761E-06
   82.3000  2.640286E-06
   82.4000  2.637832E-06
   82.5000  2.635301E-06
   82.6000  2.632885E-06
   82.7000  2.630582E-06
   82.8000  2.628299E-06
   82.9000  2.625941E-06
   83.0000  2.623601E-06
   83.1000  2.621376E-06
   83.2000  2.619169E-06
   83.3000  2.617074E-06
   83.4000  2.614905E-06
   83.5000  2.612848E-06
   83.6000  2.610716E-06
   83.7000  2.608696E-06
   83.8000  2.606696E-06
   83.9000  2.604713E-06
   84.0000  2.602843E-06
   84.1000  2.600897E-06
   84.2000  2.598969E-06
   84.3000  2.597154E-06
   84.4000  2.595356E-06
   84.5000  2.593577E-06
   84.6000  2.591909E-06
   84.7000  2.590166E-06
   84.8000  2.588534E-06
   84.9000  2.586920E-06
   85.0000  2.585324E-06
   85.1000  2.583745E-06
   85.2000  2.582184E-06
   85.3000  2.580641E-06
   85.4000  2.579209E-06
   85.5000  2.577794E-06
   85.6000  2.576304E-06
   85.7000  2.575017E-06
   85.8000  2.573655E-06
   85.9000  2.572310E-06
   86.0000  2.571075E-06
   86.1000  2.569858E-06
   86.2000  2.568658E-06
   86.3000  2.567475E-06
   86.4000  2.566309E-06
   86.5000  2.565160E-06
   86.6000  2.564122E-06
   86.7000  2.563008E-06
   86.8000  2.562096E-06
   86.9000  2.561016E-06
   87.0000  2.560046E-06
   87.1000  2.559185E-06
   87.2000  2.558248E-06
   87.3000  2.557421E-06
   87.4000  2.556518E-06
   87.5000  2.555818E-06
   87.6000  2.555041E-06
   87.7000  2.554282E-06
   87.8000  2.553631E-06
   87.9000  2.552905E-06
   88.0000  2.552287E-06
   88.1000  2.551688E-06
   88.2000  2.551104E-06
   88.3000  2.550537E-06
   88.4000  2.550079E-06
   88.5000  2.549546E-06
   88.6000  2.549121E-06
   88.7000  2.548714E-06
   88.8000  2.548322E-06
   88.9000  2.547947E-06
   89.0000  2.547681E-06
   89.1000  2.547340E-06
   89.2000  2.547014E-06
   89.3000  2.546798E-06
   89.4000  2.546599E-06
   89.5000  2.546415E-06
   89.6000  2.546249E-06
   89.7000  2.546191E-06
   89.8000  2.546150E-06
   89.9000  2.546033E-06
   90.0000  2.546024E-06